#  X   Y
-3.14159   9.95747
-3.13159   9.20392
-3.12159   8.45539
-3.11159   7.71259
-3.10159   6.97619
-3.09159   6.24687
-3.08159   5.52527
-3.07159   4.81201
-3.06159   4.10769
-3.05159   3.41291
-3.04159   2.7282
-3.03159   2.05412
-3.02159   1.39118
-3.01159   0.739869
-3.00159   0.100657
-2.99159   -0.526006
-2.98159   -1.13969
-2.97159   -1.74
-2.96159   -2.32655
-2.95159   -2.89899
-2.94159   -3.45697
-2.93159   -4.00017
-2.92159   -4.52832
-2.91159   -5.04114
-2.90159   -5.53838
-2.89159   -6.01981
-2.88159   -6.48524
-2.87159   -6.93446
-2.86159   -7.36733
-2.85159   -7.78371
-2.84159   -8.18346
-2.83159   -8.56649
-2.82159   -8.93271
-2.81159   -9.28208
-2.80159   -9.61453
-2.79159   -9.93006
-2.78159   -10.2287
-2.77159   -10.5103
-2.76159   -10.7751
-2.75159   -11.0231
-2.74159   -11.2543
-2.73159   -11.4687
-2.72159   -11.6666
-2.71159   -11.8481
-2.70159   -12.0132
-2.69159   -12.1621
-2.68159   -12.2949
-2.67159   -12.4119
-2.66159   -12.5132
-2.65159   -12.5991
-2.64159   -12.6697
-2.63159   -12.7252
-2.62159   -12.766
-2.61159   -12.7922
-2.60159   -12.8042
-2.59159   -12.8021
-2.58159   -12.7863
-2.57159   -12.757
-2.56159   -12.7146
-2.55159   -12.6594
-2.54159   -12.5916
-2.53159   -12.5116
-2.52159   -12.4198
-2.51159   -12.3164
-2.50159   -12.2018
-2.49159   -12.0763
-2.48159   -11.9403
-2.47159   -11.7942
-2.46159   -11.6382
-2.45159   -11.4729
-2.44159   -11.2984
-2.43159   -11.1153
-2.42159   -10.9238
-2.41159   -10.7243
-2.40159   -10.5173
-2.39159   -10.3031
-2.38159   -10.082
-2.37159   -9.8544
-2.36159   -9.62073
-2.35159   -9.38134
-2.34159   -9.1366
-2.33159   -8.88687
-2.32159   -8.63252
-2.31159   -8.37392
-2.30159   -8.11142
-2.29159   -7.8454
-2.28159   -7.57621
-2.27159   -7.30419
-2.26159   -7.02969
-2.25159   -6.75307
-2.24159   -6.47466
-2.23159   -6.1948
-2.22159   -5.91381
-2.21159   -5.63202
-2.20159   -5.34975
-2.19159   -5.06731
-2.18159   -4.78502
-2.17159   -4.50316
-2.16159   -4.22204
-2.15159   -3.94194
-2.14159   -3.66315
-2.13159   -3.38593
-2.12159   -3.11057
-2.11159   -2.8373
-2.10159   -2.5664
-2.09159   -2.29809
-2.08159   -2.03263
-2.07159   -1.77024
-2.06159   -1.51114
-2.05159   -1.25554
-2.04159   -1.00365
-2.03159   -0.75567
-2.02159   -0.511787
-2.01159   -0.272183
-2.00159   -0.0370297
-1.99159   0.193507
-1.98159   0.41927
-1.97159   0.640112
-1.96159   0.855892
-1.95159   1.06648
-1.94159   1.27175
-1.93159   1.47158
-1.92159   1.66588
-1.91159   1.85453
-1.90159   2.03746
-1.89159   2.21457
-1.88159   2.38579
-1.87159   2.55105
-1.86159   2.71029
-1.85159   2.86347
-1.84159   3.01053
-1.83159   3.15143
-1.82159   3.28616
-1.81159   3.41469
-1.80159   3.53699
-1.79159   3.65307
-1.78159   3.76291
-1.77159   3.86654
-1.76159   3.96395
-1.75159   4.05516
-1.74159   4.14021
-1.73159   4.21911
-1.72159   4.29192
-1.71159   4.35866
-1.70159   4.4194
-1.69159   4.47417
-1.68159   4.52304
-1.67159   4.56609
-1.66159   4.60336
-1.65159   4.63494
-1.64159   4.66091
-1.63159   4.68135
-1.62159   4.69635
-1.61159   4.706
-1.60159   4.71039
-1.59159   4.70963
-1.58159   4.70381
-1.57159   4.69305
-1.56159   4.67745
-1.55159   4.65713
-1.54159   4.6322
-1.53159   4.60277
-1.52159   4.56898
-1.51159   4.53094
-1.50159   4.48878
-1.49159   4.44262
-1.48159   4.39259
-1.47159   4.33883
-1.46159   4.28147
-1.45159   4.22063
-1.44159   4.15646
-1.43159   4.08908
-1.42159   4.01864
-1.41159   3.94527
-1.40159   3.8691
-1.39159   3.79028
-1.38159   3.70895
-1.37159   3.62523
-1.36159   3.53927
-1.35159   3.4512
-1.34159   3.36117
-1.33159   3.2693
-1.32159   3.17573
-1.31159   3.08059
-1.30159   2.98403
-1.29159   2.88616
-1.28159   2.78713
-1.27159   2.68706
-1.26159   2.58608
-1.25159   2.48432
-1.24159   2.38189
-1.23159   2.27894
-1.22159   2.17557
-1.21159   2.0719
-1.20159   1.96806
-1.19159   1.86416
-1.18159   1.76031
-1.17159   1.65662
-1.16159   1.5532
-1.15159   1.45016
-1.14159   1.3476
-1.13159   1.24562
-1.12159   1.14431
-1.11159   1.04379
-1.10159   0.944125
-1.09159   0.845422
-1.08159   0.747764
-1.07159   0.651234
-1.06159   0.555916
-1.05159   0.461887
-1.04159   0.369222
-1.03159   0.277995
-1.02159   0.188276
-1.01159   0.10013
-1.00159   0.0136225
-0.991593   -0.0711871
-0.981593   -0.154241
-0.971593   -0.235484
-0.961593   -0.314865
-0.951593   -0.392335
-0.941593   -0.467849
-0.931593   -0.541365
-0.921593   -0.612842
-0.911593   -0.682244
-0.901593   -0.749538
-0.891593   -0.814693
-0.881593   -0.877681
-0.871593   -0.938478
-0.861593   -0.99706
-0.851593   -1.05341
-0.841593   -1.10751
-0.831593   -1.15935
-0.821593   -1.20891
-0.811593   -1.25619
-0.801593   -1.30119
-0.791593   -1.34389
-0.781593   -1.3843
-0.771593   -1.42242
-0.761593   -1.45825
-0.751593   -1.49181
-0.741593   -1.5231
-0.731593   -1.55213
-0.721593   -1.57891
-0.711593   -1.60346
-0.701593   -1.6258
-0.691593   -1.64596
-0.681593   -1.66394
-0.671593   -1.67977
-0.661593   -1.69348
-0.651593   -1.7051
-0.641593   -1.71465
-0.631593   -1.72217
-0.621593   -1.72769
-0.611593   -1.73124
-0.601593   -1.73286
-0.591593   -1.73258
-0.581593   -1.73044
-0.571593   -1.72648
-0.561593   -1.72074
-0.551593   -1.71326
-0.541593   -1.70409
-0.531593   -1.69327
-0.521593   -1.68083
-0.511593   -1.66684
-0.501593   -1.65133
-0.491593   -1.63435
-0.481593   -1.61594
-0.471593   -1.59617
-0.461593   -1.57506
-0.451593   -1.55268
-0.441593   -1.52907
-0.431593   -1.50429
-0.421593   -1.47837
-0.411593   -1.45138
-0.401593   -1.42336
-0.391593   -1.39437
-0.381593   -1.36445
-0.371593   -1.33365
-0.361593   -1.30202
-0.351593   -1.26963
-0.341593   -1.2365
-0.331593   -1.20271
-0.321593   -1.16828
-0.311593   -1.13329
-0.301593   -1.09776
-0.291593   -1.06176
-0.281593   -1.02533
-0.271593   -0.988514
-0.261593   -0.951366
-0.251593   -0.913929
-0.241593   -0.87625
-0.231593   -0.838375
-0.221593   -0.800347
-0.211593   -0.762211
-0.201593   -0.72401
-0.191593   -0.685786
-0.181593   -0.647581
-0.171593   -0.609436
-0.161593   -0.571391
-0.151593   -0.533484
-0.141593   -0.495753
-0.131593   -0.458236
-0.121593   -0.420969
-0.111593   -0.383987
-0.101593   -0.347324
-0.0915927   -0.311013
-0.0815927   -0.275087
-0.0715927   -0.239576
-0.0615927   -0.20451
-0.0515927   -0.169919
-0.0415927   -0.135829
-0.0315927   -0.102269
-0.0215927   -0.0692628
-0.0115927   -0.0368359
-0.00159265   -0.00501142
0.00840735   0.0261883
0.0184073   0.056742
0.0284073   0.0866297
0.0384073   0.115832
0.0484073   0.144332
0.0584073   0.172112
0.0684073   0.199157
0.0784073   0.225452
0.0884073   0.250984
0.0984073   0.27574
0.108407   0.299709
0.118407   0.322881
0.128407   0.345247
0.138407   0.366798
0.148407   0.387528
0.158407   0.40743
0.168407   0.4265
0.178407   0.444734
0.188407   0.462127
0.198407   0.478679
0.208407   0.494389
0.218407   0.509255
0.228407   0.523279
0.238407   0.536462
0.248407   0.548806
0.258407   0.560316
0.268407   0.570995
0.278407   0.580848
0.288407   0.589881
0.298407   0.5981
0.308407   0.605513
0.318407   0.612128
0.328407   0.617952
0.338407   0.622997
0.348407   0.627271
0.358407   0.630786
0.368407   0.633552
0.378407   0.635582
0.388407   0.636888
0.398407   0.637482
0.408407   0.637379
0.418407   0.636592
0.428407   0.635136
0.438407   0.633024
0.448407   0.630274
0.458407   0.6269
0.468407   0.622918
0.478407   0.618344
0.488407   0.613196
0.498407   0.60749
0.508407   0.601243
0.518407   0.594473
0.528407   0.587197
0.538407   0.579433
0.548407   0.5712
0.558407   0.562515
0.568407   0.553397
0.578407   0.543864
0.588407   0.533934
0.598407   0.523626
0.608407   0.512959
0.618407   0.501951
0.628407   0.490622
0.638407   0.478988
0.648407   0.467069
0.658407   0.454884
0.668407   0.442451
0.678407   0.429788
0.688407   0.416913
0.698407   0.403844
0.708407   0.3906
0.718407   0.377197
0.728407   0.363654
0.738407   0.349988
0.748407   0.336216
0.758407   0.322354
0.768407   0.308421
0.778407   0.294431
0.788407   0.280402
0.798407   0.266348
0.808407   0.252287
0.818407   0.238232
0.828407   0.224199
0.838407   0.210203
0.848407   0.196258
0.858407   0.182377
0.868407   0.168576
0.878407   0.154866
0.888407   0.141261
0.898407   0.127773
0.908407   0.114415
0.918407   0.101199
0.928407   0.088135
0.938407   0.075235
0.948407   0.0625096
0.958407   0.0499688
0.968407   0.0376226
0.978407   0.0254804
0.988407   0.0135512
0.998407   0.0018436
1.00841   -0.00963413
1.01841   -0.0208742
1.02841   -0.0318693
1.03841   -0.0426123
1.04841   -0.0530968
1.05841   -0.0633165
1.06841   -0.0732658
1.07841   -0.0829391
1.08841   -0.0923317
1.09841   -0.101439
1.10841   -0.110257
1.11841   -0.118781
1.12841   -0.127009
1.13841   -0.134937
1.14841   -0.142564
1.15841   -0.149885
1.16841   -0.156901
1.17841   -0.163608
1.18841   -0.170007
1.19841   -0.176096
1.20841   -0.181875
1.21841   -0.187344
1.22841   -0.192503
1.23841   -0.197353
1.24841   -0.201895
1.25841   -0.206129
1.26841   -0.210057
1.27841   -0.213682
1.28841   -0.217005
1.29841   -0.220029
1.30841   -0.222756
1.31841   -0.225189
1.32841   -0.227332
1.33841   -0.229188
1.34841   -0.23076
1.35841   -0.232053
1.36841   -0.233071
1.37841   -0.233818
1.38841   -0.234298
1.39841   -0.234517
1.40841   -0.234479
1.41841   -0.234189
1.42841   -0.233653
1.43841   -0.232877
1.44841   -0.231865
1.45841   -0.230624
1.46841   -0.229159
1.47841   -0.227476
1.48841   -0.225582
1.49841   -0.223483
1.50841   -0.221185
1.51841   -0.218694
1.52841   -0.216018
1.53841   -0.213162
1.54841   -0.210133
1.55841   -0.206938
1.56841   -0.203583
1.57841   -0.200076
1.58841   -0.196423
1.59841   -0.192631
1.60841   -0.188707
1.61841   -0.184658
1.62841   -0.18049
1.63841   -0.17621
1.64841   -0.171825
1.65841   -0.167343
1.66841   -0.162769
1.67841   -0.15811
1.68841   -0.153374
1.69841   -0.148566
1.70841   -0.143694
1.71841   -0.138763
1.72841   -0.133781
1.73841   -0.128753
1.74841   -0.123687
1.75841   -0.118588
1.76841   -0.113462
1.77841   -0.108315
1.78841   -0.103154
1.79841   -0.0979841
1.80841   -0.0928111
1.81841   -0.0876406
1.82841   -0.0824782
1.83841   -0.0773293
1.84841   -0.0721992
1.85841   -0.0670929
1.86841   -0.0620155
1.87841   -0.056972
1.88841   -0.051967
1.89841   -0.0470052
1.90841   -0.0420911
1.91841   -0.037229
1.92841   -0.0324231
1.93841   -0.0276774
1.94841   -0.022996
1.95841   -0.0183825
1.96841   -0.0138406
1.97841   -0.00937371
1.98841   -0.0049852
1.99841   -0.000678222
2.00841   0.0035442
2.01841   0.0076792
2.02841   0.0117241
2.03841   0.0156762
2.04841   0.0195332
2.05841   0.0232928
2.06841   0.026953
2.07841   0.0305116
2.08841   0.0339669
2.09841   0.0373173
2.10841   0.0405612
2.11841   0.0436972
2.12841   0.0467241
2.13841   0.0496407
2.14841   0.0524462
2.15841   0.0551397
2.16841   0.0577205
2.17841   0.0601882
2.18841   0.0625421
2.19841   0.0647822
2.20841   0.0669082
2.21841   0.0689202
2.22841   0.0708181
2.23841   0.0726022
2.24841   0.0742729
2.25841   0.0758305
2.26841   0.0772758
2.27841   0.0786092
2.28841   0.0798317
2.29841   0.080944
2.30841   0.0819473
2.31841   0.0828425
2.32841   0.0836308
2.33841   0.0843135
2.34841   0.0848919
2.35841   0.0853676
2.36841   0.085742
2.37841   0.0860167
2.38841   0.0861934
2.39841   0.0862739
2.40841   0.0862599
2.41841   0.0861534
2.42841   0.0859562
2.43841   0.0856705
2.44841   0.0852983
2.45841   0.0848416
2.46841   0.0843027
2.47841   0.0836838
2.48841   0.0829871
2.49841   0.0822148
2.50841   0.0813694
2.51841   0.0804531
2.52841   0.0794685
2.53841   0.0784178
2.54841   0.0773035
2.55841   0.0761281
2.56841   0.0748941
2.57841   0.0736039
2.58841   0.0722601
2.59841   0.0708651
2.60841   0.0694215
2.61841   0.0679317
2.62841   0.0663984
2.63841   0.064824
2.64841   0.063211
2.65841   0.0615619
2.66841   0.0598792
2.67841   0.0581654
2.68841   0.056423
2.69841   0.0546543
2.70841   0.0528619
2.71841   0.0510481
2.72841   0.0492152
2.73841   0.0473657
2.74841   0.0455018
2.75841   0.0436259
2.76841   0.0417402
2.77841   0.0398469
2.78841   0.0379482
2.79841   0.0360463
2.80841   0.0341433
2.81841   0.0322412
2.82841   0.030342
2.83841   0.0284479
2.84841   0.0265606
2.85841   0.0246821
2.86841   0.0228142
2.87841   0.0209588
2.88841   0.0191176
2.89841   0.0172922
2.90841   0.0154844
2.91841   0.0136958
2.92841   0.0119278
2.93841   0.010182
2.94841   0.00845975
2.95841   0.00676254
2.96841   0.00509166
2.97841   0.00344839
2.98841   0.00183395
2.99841   0.000249504
3.00841   -0.00130384
3.01841   -0.00282502
3.02841   -0.00431304
3.03841   -0.00576695
3.04841   -0.00718587
3.05841   -0.00856896
3.06841   -0.00991544
3.07841   -0.0112246
3.08841   -0.0124957
3.09841   -0.0137283
3.10841   -0.0149216
3.11841   -0.0160753
3.12841   -0.0171888
3.13841   -0.0182618
