#  X   Y
-3.14159   0.0725482
-3.13159   0.0259591
-3.12159   -0.0206627
-3.11159   -0.0673009
-3.10159   -0.113939
-3.09159   -0.160561
-3.08159   -0.207149
-3.07159   -0.253688
-3.06159   -0.300161
-3.05159   -0.346552
-3.04159   -0.392844
-3.03159   -0.439022
-3.02159   -0.485067
-3.01159   -0.530966
-3.00159   -0.5767
-2.99159   -0.622255
-2.98159   -0.667614
-2.97159   -0.712761
-2.96159   -0.75768
-2.95159   -0.802355
-2.94159   -0.846771
-2.93159   -0.890912
-2.92159   -0.934762
-2.91159   -0.978307
-2.90159   -1.02153
-2.89159   -1.06442
-2.88159   -1.10695
-2.87159   -1.14912
-2.86159   -1.19091
-2.85159   -1.2323
-2.84159   -1.27328
-2.83159   -1.31384
-2.82159   -1.35396
-2.81159   -1.39362
-2.80159   -1.43282
-2.79159   -1.47154
-2.78159   -1.50976
-2.77159   -1.54748
-2.76159   -1.58468
-2.75159   -1.62134
-2.74159   -1.65746
-2.73159   -1.69302
-2.72159   -1.72801
-2.71159   -1.76242
-2.70159   -1.79623
-2.69159   -1.82944
-2.68159   -1.86203
-2.67159   -1.89399
-2.66159   -1.92531
-2.65159   -1.95598
-2.64159   -1.986
-2.63159   -2.01534
-2.62159   -2.044
-2.61159   -2.07197
-2.60159   -2.09925
-2.59159   -2.12581
-2.58159   -2.15166
-2.57159   -2.17678
-2.56159   -2.20117
-2.55159   -2.22481
-2.54159   -2.24771
-2.53159   -2.26985
-2.52159   -2.29122
-2.51159   -2.31183
-2.50159   -2.33166
-2.49159   -2.3507
-2.48159   -2.36895
-2.47159   -2.38641
-2.46159   -2.40307
-2.45159   -2.41892
-2.44159   -2.43396
-2.43159   -2.44818
-2.42159   -2.46159
-2.41159   -2.47418
-2.40159   -2.48593
-2.39159   -2.49686
-2.38159   -2.50696
-2.37159   -2.51622
-2.36159   -2.52464
-2.35159   -2.53223
-2.34159   -2.53898
-2.33159   -2.54488
-2.32159   -2.54994
-2.31159   -2.55416
-2.30159   -2.55753
-2.29159   -2.56006
-2.28159   -2.56175
-2.27159   -2.56259
-2.26159   -2.5626
-2.25159   -2.56176
-2.24159   -2.56008
-2.23159   -2.55757
-2.22159   -2.55422
-2.21159   -2.55004
-2.20159   -2.54503
-2.19159   -2.5392
-2.18159   -2.53254
-2.17159   -2.52507
-2.16159   -2.51678
-2.15159   -2.50768
-2.14159   -2.49777
-2.13159   -2.48707
-2.12159   -2.47557
-2.11159   -2.46328
-2.10159   -2.45021
-2.09159   -2.43636
-2.08159   -2.42174
-2.07159   -2.40636
-2.06159   -2.39022
-2.05159   -2.37333
-2.04159   -2.3557
-2.03159   -2.33733
-2.02159   -2.31824
-2.01159   -2.29843
-2.00159   -2.27792
-1.99159   -2.25671
-1.98159   -2.2348
-1.97159   -2.21222
-1.96159   -2.18896
-1.95159   -2.16505
-1.94159   -2.14048
-1.93159   -2.11527
-1.92159   -2.08944
-1.91159   -2.06298
-1.90159   -2.03592
-1.89159   -2.00827
-1.88159   -1.98003
-1.87159   -1.95122
-1.86159   -1.92184
-1.85159   -1.89193
-1.84159   -1.86147
-1.83159   -1.83049
-1.82159   -1.799
-1.81159   -1.76702
-1.80159   -1.73455
-1.79159   -1.70161
-1.78159   -1.66822
-1.77159   -1.63438
-1.76159   -1.60011
-1.75159   -1.56543
-1.74159   -1.53035
-1.73159   -1.49488
-1.72159   -1.45903
-1.71159   -1.42283
-1.70159   -1.38629
-1.69159   -1.34942
-1.68159   -1.31223
-1.67159   -1.27475
-1.66159   -1.23698
-1.65159   -1.19894
-1.64159   -1.16065
-1.63159   -1.12213
-1.62159   -1.08338
-1.61159   -1.04442
-1.60159   -1.00527
-1.59159   -0.96595
-1.58159   -0.926467
-1.57159   -0.88684
-1.56159   -0.847084
-1.55159   -0.807215
-1.54159   -0.767249
-1.53159   -0.727202
-1.52159   -0.687089
-1.51159   -0.646927
-1.50159   -0.60673
-1.49159   -0.566516
-1.48159   -0.526299
-1.47159   -0.486096
-1.46159   -0.445922
-1.45159   -0.405792
-1.44159   -0.365724
-1.43159   -0.325731
-1.42159   -0.28583
-1.41159   -0.246036
-1.40159   -0.206365
-1.39159   -0.166832
-1.38159   -0.127452
-1.37159   -0.0882408
-1.36159   -0.0492131
-1.35159   -0.0103841
-1.34159   0.0282314
-1.33159   0.0666185
-1.32159   0.104762
-1.31159   0.142649
-1.30159   0.180263
-1.29159   0.217591
-1.28159   0.254618
-1.27159   0.29133
-1.26159   0.327714
-1.25159   0.363755
-1.24159   0.39944
-1.23159   0.434756
-1.22159   0.469689
-1.21159   0.504226
-1.20159   0.538355
-1.19159   0.572062
-1.18159   0.605335
-1.17159   0.638162
-1.16159   0.67053
-1.15159   0.702428
-1.14159   0.733844
-1.13159   0.764766
-1.12159   0.795183
-1.11159   0.825084
-1.10159   0.854457
-1.09159   0.883294
-1.08159   0.911582
-1.07159   0.939312
-1.06159   0.966473
-1.05159   0.993057
-1.04159   1.01905
-1.03159   1.04445
-1.02159   1.06925
-1.01159   1.09343
-1.00159   1.11699
-0.991593   1.13992
-0.981593   1.16221
-0.971593   1.18385
-0.961593   1.20484
-0.951593   1.22517
-0.941593   1.24484
-0.931593   1.26383
-0.921593   1.28214
-0.911593   1.29976
-0.901593   1.3167
-0.891593   1.33293
-0.881593   1.34847
-0.871593   1.3633
-0.861593   1.37742
-0.851593   1.39082
-0.841593   1.40351
-0.831593   1.41547
-0.821593   1.42671
-0.811593   1.43722
-0.801593   1.447
-0.791593   1.45605
-0.781593   1.46436
-0.771593   1.47194
-0.761593   1.47877
-0.751593   1.48487
-0.741593   1.49023
-0.731593   1.49485
-0.721593   1.49873
-0.711593   1.50186
-0.701593   1.50426
-0.691593   1.50592
-0.681593   1.50684
-0.671593   1.50703
-0.661593   1.50648
-0.651593   1.5052
-0.641593   1.50319
-0.631593   1.50045
-0.621593   1.49698
-0.611593   1.4928
-0.601593   1.48789
-0.591593   1.48228
-0.581593   1.47595
-0.571593   1.46892
-0.561593   1.46118
-0.551593   1.45276
-0.541593   1.44364
-0.531593   1.43383
-0.521593   1.42335
-0.511593   1.4122
-0.501593   1.40038
-0.491593   1.3879
-0.481593   1.37476
-0.471593   1.36099
-0.461593   1.34657
-0.451593   1.33152
-0.441593   1.31586
-0.431593   1.29958
-0.421593   1.28269
-0.411593   1.26521
-0.401593   1.24714
-0.391593   1.22849
-0.381593   1.20928
-0.371593   1.1895
-0.361593   1.16918
-0.351593   1.14832
-0.341593   1.12694
-0.331593   1.10503
-0.321593   1.08262
-0.311593   1.05972
-0.301593   1.03633
-0.291593   1.01246
-0.281593   0.988142
-0.271593   0.963371
-0.261593   0.938163
-0.251593   0.912531
-0.241593   0.886487
-0.231593   0.860044
-0.221593   0.833214
-0.211593   0.806011
-0.201593   0.778446
-0.191593   0.750535
-0.181593   0.722289
-0.171593   0.693722
-0.161593   0.664849
-0.151593   0.635682
-0.141593   0.606236
-0.131593   0.576525
-0.121593   0.546562
-0.111593   0.516362
-0.101593   0.485939
-0.0915927   0.455308
-0.0815927   0.424482
-0.0715927   0.393478
-0.0615927   0.362308
-0.0515927   0.330988
-0.0415927   0.299533
-0.0315927   0.267957
-0.0215927   0.236275
-0.0115927   0.204502
-0.00159265   0.172653
0.00840735   0.140743
0.0184073   0.108787
0.0284073   0.0767995
0.0384073   0.0447959
0.0484073   0.0127911
0.0584073   -0.0191998
0.0684073   -0.051162
0.0784073   -0.0830804
0.0884073   -0.11494
0.0984073   -0.146726
0.108407   -0.178424
0.118407   -0.210018
0.128407   -0.241494
0.138407   -0.272837
0.148407   -0.304032
0.158407   -0.335065
0.168407   -0.365921
0.178407   -0.396586
0.188407   -0.427045
0.198407   -0.457284
0.208407   -0.487289
0.218407   -0.517045
0.228407   -0.546539
0.238407   -0.575756
0.248407   -0.604684
0.258407   -0.633307
0.268407   -0.661613
0.278407   -0.689589
0.288407   -0.71722
0.298407   -0.744494
0.308407   -0.771398
0.318407   -0.797919
0.328407   -0.824044
0.338407   -0.849761
0.348407   -0.875058
0.358407   -0.899922
0.368407   -0.924341
0.378407   -0.948305
0.388407   -0.9718
0.398407   -0.994816
0.408407   -1.01734
0.418407   -1.03937
0.428407   -1.06088
0.438407   -1.08187
0.448407   -1.10232
0.458407   -1.12224
0.468407   -1.14159
0.478407   -1.16039
0.488407   -1.17862
0.498407   -1.19626
0.508407   -1.21331
0.518407   -1.22977
0.528407   -1.24561
0.538407   -1.26084
0.548407   -1.27545
0.558407   -1.28943
0.568407   -1.30277
0.578407   -1.31546
0.588407   -1.3275
0.598407   -1.33888
0.608407   -1.3496
0.618407   -1.35964
0.628407   -1.36901
0.638407   -1.37769
0.648407   -1.38569
0.658407   -1.39299
0.668407   -1.3996
0.678407   -1.40551
0.688407   -1.41071
0.698407   -1.4152
0.708407   -1.41898
0.718407   -1.42204
0.728407   -1.42438
0.738407   -1.42601
0.748407   -1.42691
0.758407   -1.42708
0.768407   -1.42653
0.778407   -1.42525
0.788407   -1.42324
0.798407   -1.42051
0.808407   -1.41704
0.818407   -1.41284
0.828407   -1.40792
0.838407   -1.40226
0.848407   -1.39588
0.858407   -1.38877
0.868407   -1.38093
0.878407   -1.37237
0.888407   -1.36309
0.898407   -1.35309
0.908407   -1.34237
0.918407   -1.33094
0.928407   -1.3188
0.938407   -1.30596
0.948407   -1.29241
0.958407   -1.27816
0.968407   -1.26322
0.978407   -1.24759
0.988407   -1.23128
0.998407   -1.21429
1.00841   -1.19662
1.01841   -1.17829
1.02841   -1.1593
1.03841   -1.13966
1.04841   -1.11937
1.05841   -1.09844
1.06841   -1.07688
1.07841   -1.05469
1.08841   -1.03188
1.09841   -1.00847
1.10841   -0.984461
1.11841   -0.959858
1.12841   -0.934672
1.13841   -0.908914
1.14841   -0.882593
1.15841   -0.855717
1.16841   -0.828298
1.17841   -0.800346
1.18841   -0.77187
1.19841   -0.742882
1.20841   -0.713393
1.21841   -0.683414
1.22841   -0.652955
1.23841   -0.62203
1.24841   -0.590648
1.25841   -0.558823
1.26841   -0.526567
1.27841   -0.493892
1.28841   -0.46081
1.29841   -0.427334
1.30841   -0.393478
1.31841   -0.359254
1.32841   -0.324676
1.33841   -0.289756
1.34841   -0.254509
1.35841   -0.218949
1.36841   -0.183088
1.37841   -0.146942
1.38841   -0.110524
1.39841   -0.0738492
1.40841   -0.0369312
1.41841   0.000215055
1.42841   0.037575
1.43841   0.0751339
1.44841   0.112877
1.45841   0.150789
1.46841   0.188855
1.47841   0.22706
1.48841   0.265389
1.49841   0.303826
1.50841   0.342356
1.51841   0.380964
1.52841   0.419634
1.53841   0.458351
1.54841   0.497099
1.55841   0.535863
1.56841   0.574626
1.57841   0.613374
1.58841   0.652091
1.59841   0.690761
1.60841   0.729368
1.61841   0.767897
1.62841   0.806332
1.63841   0.844657
1.64841   0.882857
1.65841   0.920917
1.66841   0.95882
1.67841   0.996551
1.68841   1.0341
1.69841   1.07144
1.70841   1.10856
1.71841   1.14545
1.72841   1.18209
1.73841   1.21847
1.74841   1.25457
1.75841   1.29038
1.76841   1.32587
1.77841   1.36105
1.78841   1.39588
1.79841   1.43037
1.80841   1.46448
1.81841   1.49822
1.82841   1.53156
1.83841   1.56449
1.84841   1.597
1.85841   1.62907
1.86841   1.66069
1.87841   1.69185
1.88841   1.72252
1.89841   1.75271
1.90841   1.7824
1.91841   1.81157
1.92841   1.84021
1.93841   1.86831
1.94841   1.89586
1.95841   1.92284
1.96841   1.94925
1.97841   1.97506
1.98841   2.00028
1.99841   2.02489
2.00841   2.04888
2.01841   2.07223
2.02841   2.09494
2.03841   2.117
2.04841   2.13839
2.05841   2.15912
2.06841   2.17916
2.07841   2.19851
2.08841   2.21716
2.09841   2.2351
2.10841   2.25233
2.11841   2.26883
2.12841   2.2846
2.13841   2.29962
2.14841   2.3139
2.15841   2.32743
2.16841   2.34019
2.17841   2.35218
2.18841   2.3634
2.19841   2.37384
2.20841   2.3835
2.21841   2.39236
2.22841   2.40043
2.23841   2.4077
2.24841   2.41416
2.25841   2.41981
2.26841   2.42465
2.27841   2.42867
2.28841   2.43188
2.29841   2.43426
2.30841   2.43582
2.31841   2.43655
2.32841   2.43645
2.33841   2.43552
2.34841   2.43376
2.35841   2.43117
2.36841   2.42774
2.37841   2.42348
2.38841   2.41839
2.39841   2.41246
2.40841   2.40571
2.41841   2.39812
2.42841   2.3897
2.43841   2.38045
2.44841   2.37037
2.45841   2.35947
2.46841   2.34775
2.47841   2.33521
2.48841   2.32185
2.49841   2.30768
2.50841   2.29271
2.51841   2.27693
2.52841   2.26034
2.53841   2.24297
2.54841   2.2248
2.55841   2.20585
2.56841   2.18612
2.57841   2.16562
2.58841   2.14435
2.59841   2.12232
2.60841   2.09954
2.61841   2.07601
2.62841   2.05174
2.63841   2.02674
2.64841   2.00102
2.65841   1.97458
2.66841   1.94744
2.67841   1.9196
2.68841   1.89107
2.69841   1.86187
2.70841   1.83199
2.71841   1.80146
2.72841   1.77027
2.73841   1.73845
2.74841   1.706
2.75841   1.67293
2.76841   1.63925
2.77841   1.60499
2.78841   1.57013
2.79841   1.53471
2.80841   1.49873
2.81841   1.4622
2.82841   1.42513
2.83841   1.38755
2.84841   1.34945
2.85841   1.31086
2.86841   1.27179
2.87841   1.23225
2.88841   1.19225
2.89841   1.15181
2.90841   1.11095
2.91841   1.06967
2.92841   1.02799
2.93841   0.985928
2.94841   0.943495
2.95841   0.900708
2.96841   0.85758
2.97841   0.814127
2.98841   0.770364
2.99841   0.726306
3.00841   0.681969
3.01841   0.637369
3.02841   0.592521
3.03841   0.54744
3.04841   0.502143
3.05841   0.456645
3.06841   0.410963
3.07841   0.365113
3.08841   0.31911
3.09841   0.272971
3.10841   0.226712
3.11841   0.180349
3.12841   0.133899
3.13841   0.0873787
