#  X   Y
0   0
0.01   2.3718e-13
0.02   2.07765e-12
0.03   1.1218e-12
0.04   5.26419e-13
0.05   4.49e-12
0.06   4.54845e-12
0.07   5.85781e-14
0.08   4.50262e-12
0.09   8.82537e-12
0.1   3.29189e-12
0.11   1.67678e-12
0.12   1.07908e-11
0.13   9.8016e-12
0.14   2.27512e-13
0.15   8.20577e-12
0.16   1.5663e-11
0.17   5.99384e-12
0.18   2.3673e-12
0.19   1.67427e-11
0.2   1.54601e-11
0.21   6.04128e-13
0.22   1.13159e-11
0.23   2.24986e-11
0.24   9.22382e-12
0.25   2.64955e-12
0.26   2.22702e-11
0.27   2.14535e-11
0.28   1.27082e-12
0.29   1.38144e-11
0.3   2.92397e-11
0.31   1.29646e-11
0.32   2.58826e-12
0.33   2.7305e-11
0.34   2.7704e-11
0.35   2.29422e-12
0.36   1.56951e-11
0.37   3.57953e-11
0.38   1.7186e-11
0.39   2.26025e-12
0.4   3.17877e-11
0.41   3.41285e-11
0.42   3.72469e-12
0.43   1.69647e-11
0.44   4.20769e-11
0.45   2.18462e-11
0.46   1.75349e-12
0.47   3.56683e-11
0.48   4.06395e-11
0.49   5.59652e-12
0.5   1.76425e-11
0.51   4.80005e-11
0.52   2.68925e-11
0.53   1.16551e-12
0.54   3.8908e-11
0.55   4.71473e-11
0.56   7.92777e-12
0.57   1.77607e-11
0.58   5.34875e-11
0.59   3.22624e-11
0.6   6.01963e-13
0.61   4.14787e-11
0.62   5.35604e-11
0.63   1.0721e-11
0.64   1.73629e-11
0.65   5.84667e-11
0.66   3.78854e-11
0.67   1.74527e-13
0.68   4.33644e-11
0.69   5.97886e-11
0.7   1.39635e-11
0.71   1.65049e-11
0.72   6.28742e-11
0.73   4.36837e-11
0.74   9.99201e-16
0.75   4.4561e-11
0.76   6.57435e-11
0.77   1.76288e-11
0.78   1.52524e-11
0.79   6.66559e-11
0.8   4.95748e-11
0.81   1.84852e-13
0.82   4.50768e-11
0.83   7.13406e-11
0.84   2.16775e-11
0.85   1.36804e-11
0.86   6.97679e-11
0.87   5.54723e-11
0.88   7.92921e-13
0.89   4.49318e-11
0.9   7.64997e-11
0.91   2.60586e-11
0.92   1.18719e-11
0.93   7.21767e-11
0.94   6.12878e-11
0.95   1.85185e-12
0.96   4.41581e-11
0.97   8.11479e-11
0.98   3.07108e-11
0.99   9.91629e-12
1   7.38603e-11
1.01   6.69322e-11
1.02   3.37208e-12
1.03   4.27987e-11
1.04   8.52196e-11
1.05   3.55642e-11
1.06   7.9069e-12
1.07   7.48086e-11
1.08   7.23187e-11
1.09   5.34661e-12
1.1   4.09066e-11
1.11   8.8658e-11
1.12   4.05421e-11
1.13   5.94014e-12
1.14   7.50232e-11
1.15   7.73624e-11
1.16   7.75291e-12
1.17   3.85448e-11
1.18   9.14159e-11
1.19   4.55631e-11
1.2   4.11249e-12
1.21   7.45176e-11
1.22   8.19835e-11
1.23   1.05533e-11
1.24   3.57838e-11
1.25   9.34568e-11
1.26   5.05417e-11
1.27   2.51887e-12
1.28   7.33172e-11
1.29   8.61073e-11
1.3   1.36975e-11
1.31   3.27016e-11
1.32   9.47553e-11
1.33   5.53912e-11
1.34   1.24967e-12
1.35   7.1458e-11
1.36   8.96674e-11
1.37   1.71245e-11
1.38   2.93805e-11
1.39   9.52974e-11
1.4   6.00254e-11
1.41   3.88911e-13
1.42   6.89865e-11
1.43   9.26047e-11
1.44   2.07633e-11
1.45   2.59069e-11
1.46   9.50811e-11
1.47   6.43597e-11
1.48   1.16573e-14
1.49   6.59593e-11
1.5   9.48699e-11
1.51   2.45365e-11
1.52   2.23691e-11
1.53   9.41157e-11
1.54   6.83129e-11
1.55   1.73861e-13
1.56   6.24413e-11
1.57   9.64239e-11
1.58   2.8361e-11
1.59   1.88545e-11
1.6   9.24228e-11
1.61   7.18096e-11
1.62   8.61089e-13
1.63   5.85043e-11
1.64   9.72386e-11
1.65   3.21504e-11
1.66   1.54488e-11
1.67   9.0035e-11
1.68   7.47805e-11
1.69   2.01827e-12
1.7   5.4227e-11
1.71   9.72973e-11
1.72   3.58177e-11
1.73   1.2233e-11
1.74   8.6995e-11
1.75   7.71642e-11
1.76   3.57769e-12
1.77   4.96915e-11
1.78   9.65947e-11
1.79   3.92761e-11
1.8   9.28213e-12
1.81   8.33559e-11
1.82   7.89083e-11
1.83   5.46185e-12
1.84   4.49835e-11
1.85   9.51378e-11
1.86   4.24416e-11
1.87   6.66267e-12
1.88   7.91801e-11
1.89   7.99707e-11
1.9   7.58604e-12
1.91   4.01897e-11
1.92   9.29449e-11
1.93   4.52341e-11
1.94   4.43068e-12
1.95   7.45374e-11
1.96   8.03198e-11
1.97   9.85945e-12
1.98   3.53959e-11
1.99   9.00459e-11
2   4.75802e-11
2.01   2.6299e-12
2.02   6.95041e-11
2.03   7.99351e-11
2.04   1.2189e-11
2.05   3.06857e-11
2.06   8.64814e-11
2.07   4.94126e-11
2.08   1.28975e-12
2.09   6.41621e-11
2.1   7.88081e-11
2.11   1.44806e-11
2.12   2.61382e-11
2.13   8.23023e-11
2.14   5.0674e-11
2.15   4.24327e-13
2.16   5.8597e-11
2.17   7.69419e-11
2.18   1.66412e-11
2.19   2.18267e-11
2.2   7.7569e-11
2.21   5.13156e-11
2.22   2.9643e-14
2.23   5.28966e-11
2.24   7.43519e-11
2.25   1.85818e-11
2.26   1.78161e-11
2.27   7.235e-11
2.28   5.13005e-11
2.29   8.04912e-14
2.3   4.71488e-11
2.31   7.10645e-11
2.32   2.0218e-11
2.33   1.41622e-11
2.34   6.67209e-11
2.35   5.0602e-11
2.36   4.94937e-13
2.37   4.14413e-11
2.38   6.71176e-11
2.39   2.14727e-11
2.4   1.09095e-11
2.41   6.07634e-11
2.42   4.92055e-11
2.43   1.16163e-12
2.44   3.5858e-11
2.45   6.25594e-11
2.46   2.22767e-11
2.47   8.08997e-12
2.48   5.45637e-11
2.49   4.71089e-11
2.5   1.96909e-12
2.51   3.04791e-11
2.52   5.74482e-11
2.53   2.25709e-11
2.54   5.72153e-12
2.55   4.82108e-11
2.56   4.43215e-11
2.57   2.80842e-12
2.58   2.53784e-11
2.59   5.18505e-11
2.6   2.23068e-11
2.61   3.80751e-12
2.62   4.1795e-11
2.63   4.0865e-11
2.64   3.5752e-12
2.65   2.0622e-11
2.66   4.5841e-11
2.67   2.14474e-11
2.68   2.3348e-12
2.69   3.54069e-11
2.7   3.67724e-11
2.71   4.17233e-12
2.72   1.62672e-11
2.73   3.95004e-11
2.74   1.99676e-11
2.75   1.27465e-12
2.76   2.9135e-11
2.77   3.20877e-11
2.78   4.51078e-12
2.79   1.23604e-11
2.8   3.29147e-11
2.81   1.78553e-11
2.82   5.8098e-13
2.83   2.30647e-11
2.84   2.68652e-11
2.85   4.51156e-12
2.86   8.93718e-12
2.87   2.61733e-11
2.88   1.51107e-11
2.89   1.90986e-13
2.9   1.72764e-11
2.91   2.11684e-11
2.92   4.10719e-12
2.93   6.01982e-12
2.94   1.9368e-11
2.95   1.17464e-11
2.96   2.52021e-14
2.97   1.18442e-11
2.98   1.50689e-11
2.99   3.24213e-12
3   3.61766e-12
3.01   1.25908e-11
3.02   7.78763e-12
3.03   1.22818e-14
3.04   6.83445e-12
3.05   8.64532e-12
3.06   1.8741e-12
3.07   1.72587e-12
3.08   5.93321e-12
3.09   3.27085e-12
3.1   3.38132e-14
3.11   2.30464e-12
3.12   1.98203e-12
3.13   2.58352e-14
3.14   3.25447e-13
