#  X   Y
-1   0.0385256
-0.999   0.0210528
-0.998   0.00432524
-0.997   -0.0116759
-0.996   -0.0269691
-0.995   -0.0415728
-0.994   -0.0555048
-0.993   -0.0687827
-0.992   -0.0814237
-0.991   -0.0934448
-0.99   -0.104863
-0.989   -0.115693
-0.988   -0.125953
-0.987   -0.135657
-0.986   -0.144822
-0.985   -0.153461
-0.984   -0.161591
-0.983   -0.169225
-0.982   -0.176378
-0.981   -0.183063
-0.98   -0.189295
-0.979   -0.195086
-0.978   -0.20045
-0.977   -0.2054
-0.976   -0.209949
-0.975   -0.214108
-0.974   -0.21789
-0.973   -0.221307
-0.972   -0.22437
-0.971   -0.227091
-0.97   -0.229481
-0.969   -0.231551
-0.968   -0.233311
-0.967   -0.234772
-0.966   -0.235944
-0.965   -0.236838
-0.964   -0.237463
-0.963   -0.237828
-0.962   -0.237943
-0.961   -0.237818
-0.96   -0.23746
-0.959   -0.23688
-0.958   -0.236085
-0.957   -0.235084
-0.956   -0.233885
-0.955   -0.232497
-0.954   -0.230926
-0.953   -0.229181
-0.952   -0.227269
-0.951   -0.225197
-0.95   -0.222972
-0.949   -0.220603
-0.948   -0.218094
-0.947   -0.215453
-0.946   -0.212686
-0.945   -0.2098
-0.944   -0.206801
-0.943   -0.203694
-0.942   -0.200486
-0.941   -0.197182
-0.94   -0.193788
-0.939   -0.190309
-0.938   -0.186751
-0.937   -0.183118
-0.936   -0.179415
-0.935   -0.175648
-0.934   -0.171821
-0.933   -0.167939
-0.932   -0.164006
-0.931   -0.160027
-0.93   -0.156005
-0.929   -0.151945
-0.928   -0.147851
-0.927   -0.143726
-0.926   -0.139575
-0.925   -0.135401
-0.924   -0.131208
-0.923   -0.126999
-0.922   -0.122777
-0.921   -0.118545
-0.92   -0.114308
-0.919   -0.110066
-0.918   -0.105825
-0.917   -0.101586
-0.916   -0.097352
-0.915   -0.0931259
-0.914   -0.08891
-0.913   -0.084707
-0.912   -0.0805191
-0.911   -0.0763486
-0.91   -0.0721978
-0.909   -0.0680687
-0.908   -0.0639634
-0.907   -0.0598838
-0.906   -0.0558319
-0.905   -0.0518094
-0.904   -0.0478181
-0.903   -0.0438596
-0.902   -0.0399355
-0.901   -0.0360474
-0.9   -0.0321967
-0.899   -0.0283848
-0.898   -0.024613
-0.897   -0.0208825
-0.896   -0.0171947
-0.895   -0.0135505
-0.894   -0.00995116
-0.893   -0.00639761
-0.892   -0.00289084
-0.891   0.000568243
-0.89   0.00397879
-0.889   0.00733999
-0.888   0.0106511
-0.887   0.0139114
-0.886   0.0171203
-0.885   0.0202771
-0.884   0.0233813
-0.883   0.0264323
-0.882   0.0294298
-0.881   0.0323733
-0.88   0.0352623
-0.879   0.0380967
-0.878   0.040876
-0.877   0.0436
-0.876   0.0462684
-0.875   0.0488812
-0.874   0.0514381
-0.873   0.053939
-0.872   0.0563839
-0.871   0.0587726
-0.87   0.0611053
-0.869   0.0633818
-0.868   0.0656022
-0.867   0.0677667
-0.866   0.0698753
-0.865   0.0719281
-0.864   0.0739253
-0.863   0.0758671
-0.862   0.0777537
-0.861   0.0795854
-0.86   0.0813623
-0.859   0.0830848
-0.858   0.0847531
-0.857   0.0863677
-0.856   0.0879287
-0.855   0.0894367
-0.854   0.090892
-0.853   0.0922949
-0.852   0.093646
-0.851   0.0949456
-0.85   0.0961942
-0.849   0.0973922
-0.848   0.0985403
-0.847   0.0996387
-0.846   0.100688
-0.845   0.101689
-0.844   0.102642
-0.843   0.103548
-0.842   0.104406
-0.841   0.105219
-0.84   0.105985
-0.839   0.106707
-0.838   0.107384
-0.837   0.108017
-0.836   0.108607
-0.835   0.109154
-0.834   0.10966
-0.833   0.110124
-0.832   0.110547
-0.831   0.11093
-0.83   0.111274
-0.829   0.11158
-0.828   0.111847
-0.827   0.112077
-0.826   0.11227
-0.825   0.112427
-0.824   0.112549
-0.823   0.112636
-0.822   0.112689
-0.821   0.11271
-0.82   0.112697
-0.819   0.112653
-0.818   0.112578
-0.817   0.112472
-0.816   0.112337
-0.815   0.112173
-0.814   0.11198
-0.813   0.11176
-0.812   0.111513
-0.811   0.111239
-0.81   0.110941
-0.809   0.110617
-0.808   0.110269
-0.807   0.109898
-0.806   0.109504
-0.805   0.109089
-0.804   0.108652
-0.803   0.108194
-0.802   0.107716
-0.801   0.107219
-0.8   0.106703
-0.799   0.10617
-0.798   0.105619
-0.797   0.105051
-0.796   0.104468
-0.795   0.103869
-0.794   0.103255
-0.793   0.102628
-0.792   0.101987
-0.791   0.101333
-0.79   0.100668
-0.789   0.0999905
-0.788   0.0993023
-0.787   0.0986039
-0.786   0.0978958
-0.785   0.0971786
-0.784   0.0964529
-0.783   0.0957194
-0.782   0.0949785
-0.781   0.0942308
-0.78   0.093477
-0.779   0.0927175
-0.778   0.091953
-0.777   0.091184
-0.776   0.0904109
-0.775   0.0896344
-0.774   0.088855
-0.773   0.0880731
-0.772   0.0872894
-0.771   0.0865042
-0.77   0.0857181
-0.769   0.0849316
-0.768   0.0841452
-0.767   0.0833593
-0.766   0.0825744
-0.765   0.0817909
-0.764   0.0810094
-0.763   0.0802301
-0.762   0.0794537
-0.761   0.0786805
-0.76   0.0779109
-0.759   0.0771453
-0.758   0.0763842
-0.757   0.0756278
-0.756   0.0748768
-0.755   0.0741313
-0.754   0.0733917
-0.753   0.0726586
-0.752   0.0719321
-0.751   0.0712126
-0.75   0.0705005
-0.749   0.0697961
-0.748   0.0690998
-0.747   0.0684118
-0.746   0.0677325
-0.745   0.0670621
-0.744   0.066401
-0.743   0.0657494
-0.742   0.0651076
-0.741   0.0644759
-0.74   0.0638546
-0.739   0.0632439
-0.738   0.062644
-0.737   0.0620552
-0.736   0.0614777
-0.735   0.0609117
-0.734   0.0603575
-0.733   0.0598153
-0.732   0.0592852
-0.731   0.0587675
-0.73   0.0582624
-0.729   0.05777
-0.728   0.0572905
-0.727   0.056824
-0.726   0.0563708
-0.725   0.0559309
-0.724   0.0555046
-0.723   0.0550919
-0.722   0.054693
-0.721   0.054308
-0.72   0.0539371
-0.719   0.0535802
-0.718   0.0532377
-0.717   0.0529094
-0.716   0.0525956
-0.715   0.0522962
-0.714   0.0520115
-0.713   0.0517414
-0.712   0.051486
-0.711   0.0512454
-0.71   0.0510196
-0.709   0.0508087
-0.708   0.0506127
-0.707   0.0504317
-0.706   0.0502656
-0.705   0.0501145
-0.704   0.0499784
-0.703   0.0498574
-0.702   0.0497513
-0.701   0.0496603
-0.7   0.0495843
-0.699   0.0495234
-0.698   0.0494774
-0.697   0.0494464
-0.696   0.0494303
-0.695   0.0494291
-0.694   0.0494428
-0.693   0.0494714
-0.692   0.0495147
-0.691   0.0495727
-0.69   0.0496455
-0.689   0.0497328
-0.688   0.0498347
-0.687   0.0499511
-0.686   0.0500819
-0.685   0.050227
-0.684   0.0503864
-0.683   0.0505599
-0.682   0.0507475
-0.681   0.0509491
-0.68   0.0511645
-0.679   0.0513937
-0.678   0.0516366
-0.677   0.0518931
-0.676   0.052163
-0.675   0.0524462
-0.674   0.0527426
-0.673   0.0530522
-0.672   0.0533746
-0.671   0.05371
-0.67   0.054058
-0.669   0.0544186
-0.668   0.0547916
-0.667   0.0551769
-0.666   0.0555743
-0.665   0.0559837
-0.664   0.056405
-0.663   0.056838
-0.662   0.0572825
-0.661   0.0577383
-0.66   0.0582055
-0.659   0.0586836
-0.658   0.0591727
-0.657   0.0596725
-0.656   0.0601829
-0.655   0.0607037
-0.654   0.0612347
-0.653   0.0617758
-0.652   0.0623267
-0.651   0.0628874
-0.65   0.0634576
-0.649   0.0640371
-0.648   0.0646259
-0.647   0.0652236
-0.646   0.0658301
-0.645   0.0664452
-0.644   0.0670688
-0.643   0.0677007
-0.642   0.0683406
-0.641   0.0689884
-0.64   0.0696438
-0.639   0.0703068
-0.638   0.0709771
-0.637   0.0716546
-0.636   0.0723389
-0.635   0.07303
-0.634   0.0737277
-0.633   0.0744317
-0.632   0.0751419
-0.631   0.075858
-0.63   0.0765799
-0.629   0.0773075
-0.628   0.0780404
-0.627   0.0787785
-0.626   0.0795216
-0.625   0.0802696
-0.624   0.0810222
-0.623   0.0817792
-0.622   0.0825404
-0.621   0.0833057
-0.62   0.0840749
-0.619   0.0848477
-0.618   0.0856241
-0.617   0.0864037
-0.616   0.0871864
-0.615   0.087972
-0.614   0.0887604
-0.613   0.0895513
-0.612   0.0903445
-0.611   0.09114
-0.61   0.0919374
-0.609   0.0927366
-0.608   0.0935375
-0.607   0.0943398
-0.606   0.0951433
-0.605   0.095948
-0.604   0.0967536
-0.603   0.0975599
-0.602   0.0983668
-0.601   0.099174
-0.6   0.0999815
-0.599   0.100789
-0.598   0.101596
-0.597   0.102404
-0.596   0.10321
-0.595   0.104016
-0.594   0.104822
-0.593   0.105626
-0.592   0.106429
-0.591   0.107231
-0.59   0.108032
-0.589   0.108831
-0.588   0.109628
-0.587   0.110424
-0.586   0.111217
-0.585   0.112009
-0.584   0.112798
-0.583   0.113585
-0.582   0.114369
-0.581   0.11515
-0.58   0.115929
-0.579   0.116704
-0.578   0.117477
-0.577   0.118246
-0.576   0.119012
-0.575   0.119774
-0.574   0.120533
-0.573   0.121288
-0.572   0.122039
-0.571   0.122786
-0.57   0.123529
-0.569   0.124268
-0.568   0.125003
-0.567   0.125733
-0.566   0.126459
-0.565   0.12718
-0.564   0.127897
-0.563   0.128609
-0.562   0.129315
-0.561   0.130017
-0.56   0.130714
-0.559   0.131406
-0.558   0.132092
-0.557   0.132773
-0.556   0.133449
-0.555   0.134119
-0.554   0.134784
-0.553   0.135443
-0.552   0.136097
-0.551   0.136745
-0.55   0.137387
-0.549   0.138023
-0.548   0.138653
-0.547   0.139277
-0.546   0.139895
-0.545   0.140507
-0.544   0.141113
-0.543   0.141713
-0.542   0.142307
-0.541   0.142894
-0.54   0.143476
-0.539   0.14405
-0.538   0.144619
-0.537   0.145181
-0.536   0.145737
-0.535   0.146286
-0.534   0.146829
-0.533   0.147365
-0.532   0.147895
-0.531   0.148419
-0.53   0.148936
-0.529   0.149446
-0.528   0.14995
-0.527   0.150448
-0.526   0.150939
-0.525   0.151424
-0.524   0.151902
-0.523   0.152373
-0.522   0.152838
-0.521   0.153297
-0.52   0.153749
-0.519   0.154195
-0.518   0.154634
-0.517   0.155067
-0.516   0.155494
-0.515   0.155914
-0.514   0.156328
-0.513   0.156736
-0.512   0.157138
-0.511   0.157533
-0.51   0.157922
-0.509   0.158306
-0.508   0.158683
-0.507   0.159054
-0.506   0.159419
-0.505   0.159778
-0.504   0.160132
-0.503   0.16048
-0.502   0.160822
-0.501   0.161158
-0.5   0.161488
-0.499   0.161814
-0.498   0.162133
-0.497   0.162448
-0.496   0.162757
-0.495   0.163061
-0.494   0.163359
-0.493   0.163653
-0.492   0.163941
-0.491   0.164225
-0.49   0.164504
-0.489   0.164778
-0.488   0.165047
-0.487   0.165312
-0.486   0.165572
-0.485   0.165828
-0.484   0.16608
-0.483   0.166327
-0.482   0.166571
-0.481   0.16681
-0.48   0.167046
-0.479   0.167278
-0.478   0.167506
-0.477   0.167731
-0.476   0.167952
-0.475   0.16817
-0.474   0.168385
-0.473   0.168596
-0.472   0.168805
-0.471   0.169011
-0.47   0.169214
-0.469   0.169415
-0.468   0.169613
-0.467   0.169808
-0.466   0.170002
-0.465   0.170193
-0.464   0.170383
-0.463   0.17057
-0.462   0.170756
-0.461   0.170941
-0.46   0.171124
-0.459   0.171305
-0.458   0.171486
-0.457   0.171665
-0.456   0.171844
-0.455   0.172022
-0.454   0.172199
-0.453   0.172376
-0.452   0.172552
-0.451   0.172729
-0.45   0.172905
-0.449   0.173082
-0.448   0.173259
-0.447   0.173436
-0.446   0.173614
-0.445   0.173792
-0.444   0.173972
-0.443   0.174152
-0.442   0.174334
-0.441   0.174517
-0.44   0.174701
-0.439   0.174887
-0.438   0.175075
-0.437   0.175265
-0.436   0.175458
-0.435   0.175652
-0.434   0.175849
-0.433   0.176048
-0.432   0.17625
-0.431   0.176455
-0.43   0.176663
-0.429   0.176875
-0.428   0.17709
-0.427   0.177308
-0.426   0.17753
-0.425   0.177756
-0.424   0.177986
-0.423   0.17822
-0.422   0.178458
-0.421   0.178701
-0.42   0.178949
-0.419   0.179202
-0.418   0.179459
-0.417   0.179722
-0.416   0.17999
-0.415   0.180263
-0.414   0.180542
-0.413   0.180827
-0.412   0.181118
-0.411   0.181415
-0.41   0.181719
-0.409   0.182028
-0.408   0.182345
-0.407   0.182668
-0.406   0.182998
-0.405   0.183335
-0.404   0.183679
-0.403   0.184031
-0.402   0.18439
-0.401   0.184757
-0.4   0.185132
-0.399   0.185515
-0.398   0.185906
-0.397   0.186305
-0.396   0.186713
-0.395   0.187129
-0.394   0.187554
-0.393   0.187988
-0.392   0.188431
-0.391   0.188884
-0.39   0.189346
-0.389   0.189817
-0.388   0.190298
-0.387   0.190789
-0.386   0.191289
-0.385   0.1918
-0.384   0.192321
-0.383   0.192853
-0.382   0.193395
-0.381   0.193947
-0.38   0.194511
-0.379   0.195085
-0.378   0.19567
-0.377   0.196267
-0.376   0.196875
-0.375   0.197495
-0.374   0.198126
-0.373   0.198769
-0.372   0.199423
-0.371   0.20009
-0.37   0.200769
-0.369   0.20146
-0.368   0.202163
-0.367   0.202879
-0.366   0.203608
-0.365   0.204349
-0.364   0.205103
-0.363   0.20587
-0.362   0.20665
-0.361   0.207444
-0.36   0.208251
-0.359   0.209071
-0.358   0.209904
-0.357   0.210751
-0.356   0.211612
-0.355   0.212487
-0.354   0.213376
-0.353   0.214279
-0.352   0.215196
-0.351   0.216127
-0.35   0.217073
-0.349   0.218033
-0.348   0.219007
-0.347   0.219996
-0.346   0.221
-0.345   0.222018
-0.344   0.223052
-0.343   0.2241
-0.342   0.225164
-0.341   0.226242
-0.34   0.227336
-0.339   0.228445
-0.338   0.229569
-0.337   0.230709
-0.336   0.231864
-0.335   0.233035
-0.334   0.234221
-0.333   0.235423
-0.332   0.236641
-0.331   0.237874
-0.33   0.239124
-0.329   0.240389
-0.328   0.24167
-0.327   0.242967
-0.326   0.244281
-0.325   0.24561
-0.324   0.246955
-0.323   0.248317
-0.322   0.249695
-0.321   0.251089
-0.32   0.2525
-0.319   0.253927
-0.318   0.25537
-0.317   0.25683
-0.316   0.258306
-0.315   0.259798
-0.314   0.261307
-0.313   0.262833
-0.312   0.264375
-0.311   0.265933
-0.31   0.267508
-0.309   0.2691
-0.308   0.270708
-0.307   0.272333
-0.306   0.273974
-0.305   0.275632
-0.304   0.277307
-0.303   0.278998
-0.302   0.280705
-0.301   0.28243
-0.3   0.284171
-0.299   0.285928
-0.298   0.287702
-0.297   0.289492
-0.296   0.291299
-0.295   0.293123
-0.294   0.294963
-0.293   0.296819
-0.292   0.298692
-0.291   0.300581
-0.29   0.302487
-0.289   0.304409
-0.288   0.306347
-0.287   0.308302
-0.286   0.310272
-0.285   0.312259
-0.284   0.314262
-0.283   0.316281
-0.282   0.318317
-0.281   0.320368
-0.28   0.322435
-0.279   0.324518
-0.278   0.326617
-0.277   0.328731
-0.276   0.330861
-0.275   0.333007
-0.274   0.335169
-0.273   0.337346
-0.272   0.339538
-0.271   0.341746
-0.27   0.343969
-0.269   0.346207
-0.268   0.348461
-0.267   0.350729
-0.266   0.353013
-0.265   0.355311
-0.264   0.357624
-0.263   0.359952
-0.262   0.362294
-0.261   0.364651
-0.26   0.367022
-0.259   0.369408
-0.258   0.371808
-0.257   0.374221
-0.256   0.376649
-0.255   0.379091
-0.254   0.381547
-0.253   0.384016
-0.252   0.386499
-0.251   0.388995
-0.25   0.391505
-0.249   0.394028
-0.248   0.396564
-0.247   0.399113
-0.246   0.401674
-0.245   0.404249
-0.244   0.406836
-0.243   0.409435
-0.242   0.412047
-0.241   0.414671
-0.24   0.417307
-0.239   0.419955
-0.238   0.422615
-0.237   0.425286
-0.236   0.427969
-0.235   0.430663
-0.234   0.433368
-0.233   0.436085
-0.232   0.438812
-0.231   0.44155
-0.23   0.444299
-0.229   0.447058
-0.228   0.449827
-0.227   0.452606
-0.226   0.455396
-0.225   0.458195
-0.224   0.461003
-0.223   0.463821
-0.222   0.466649
-0.221   0.469485
-0.22   0.472331
-0.219   0.475185
-0.218   0.478048
-0.217   0.480919
-0.216   0.483798
-0.215   0.486686
-0.214   0.489581
-0.213   0.492484
-0.212   0.495395
-0.211   0.498313
-0.21   0.501238
-0.209   0.50417
-0.208   0.507109
-0.207   0.510054
-0.206   0.513005
-0.205   0.515963
-0.204   0.518927
-0.203   0.521897
-0.202   0.524872
-0.201   0.527853
-0.2   0.530838
-0.199   0.533829
-0.198   0.536825
-0.197   0.539825
-0.196   0.54283
-0.195   0.545839
-0.194   0.548851
-0.193   0.551868
-0.192   0.554888
-0.191   0.557912
-0.19   0.560938
-0.189   0.563968
-0.188   0.567
-0.187   0.570035
-0.186   0.573072
-0.185   0.576111
-0.184   0.579152
-0.183   0.582195
-0.182   0.585239
-0.181   0.588285
-0.18   0.591331
-0.179   0.594378
-0.178   0.597426
-0.177   0.600474
-0.176   0.603523
-0.175   0.606571
-0.174   0.609619
-0.173   0.612666
-0.172   0.615713
-0.171   0.618758
-0.17   0.621802
-0.169   0.624845
-0.168   0.627887
-0.167   0.630926
-0.166   0.633963
-0.165   0.636998
-0.164   0.640031
-0.163   0.64306
-0.162   0.646087
-0.161   0.64911
-0.16   0.65213
-0.159   0.655146
-0.158   0.658159
-0.157   0.661167
-0.156   0.66417
-0.155   0.66717
-0.154   0.670164
-0.153   0.673153
-0.152   0.676137
-0.151   0.679115
-0.15   0.682088
-0.149   0.685055
-0.148   0.688015
-0.147   0.690969
-0.146   0.693916
-0.145   0.696857
-0.144   0.69979
-0.143   0.702716
-0.142   0.705635
-0.141   0.708545
-0.14   0.711448
-0.139   0.714342
-0.138   0.717228
-0.137   0.720105
-0.136   0.722973
-0.135   0.725832
-0.134   0.728682
-0.133   0.731522
-0.132   0.734352
-0.131   0.737172
-0.13   0.739982
-0.129   0.742781
-0.128   0.745569
-0.127   0.748347
-0.126   0.751113
-0.125   0.753868
-0.124   0.756612
-0.123   0.759343
-0.122   0.762063
-0.121   0.76477
-0.12   0.767464
-0.119   0.770146
-0.118   0.772816
-0.117   0.775471
-0.116   0.778114
-0.115   0.780743
-0.114   0.783358
-0.113   0.785959
-0.112   0.788546
-0.111   0.791119
-0.11   0.793677
-0.109   0.79622
-0.108   0.798748
-0.107   0.801261
-0.106   0.803759
-0.105   0.80624
-0.104   0.808706
-0.103   0.811156
-0.102   0.81359
-0.101   0.816007
-0.1   0.818407
-0.099   0.820791
-0.098   0.823157
-0.097   0.825507
-0.096   0.827839
-0.095   0.830153
-0.094   0.832449
-0.093   0.834728
-0.092   0.836988
-0.091   0.83923
-0.09   0.841453
-0.089   0.843657
-0.088   0.845843
-0.087   0.84801
-0.086   0.850157
-0.085   0.852284
-0.084   0.854392
-0.083   0.856481
-0.082   0.858549
-0.081   0.860597
-0.08   0.862624
-0.079   0.864632
-0.078   0.866618
-0.077   0.868584
-0.076   0.870528
-0.075   0.872452
-0.074   0.874354
-0.073   0.876235
-0.072   0.878094
-0.071   0.879931
-0.07   0.881746
-0.069   0.883539
-0.068   0.88531
-0.067   0.887058
-0.066   0.888784
-0.065   0.890487
-0.064   0.892168
-0.063   0.893825
-0.062   0.895459
-0.061   0.89707
-0.06   0.898657
-0.059   0.900221
-0.058   0.901762
-0.057   0.903278
-0.056   0.904771
-0.055   0.906239
-0.054   0.907684
-0.053   0.909104
-0.052   0.9105
-0.051   0.911871
-0.05   0.913217
-0.049   0.914539
-0.048   0.915836
-0.047   0.917107
-0.046   0.918354
-0.045   0.919576
-0.044   0.920772
-0.043   0.921943
-0.042   0.923088
-0.041   0.924208
-0.04   0.925302
-0.039   0.92637
-0.038   0.927412
-0.037   0.928429
-0.036   0.929419
-0.035   0.930383
-0.034   0.931321
-0.033   0.932233
-0.032   0.933118
-0.031   0.933977
-0.03   0.934809
-0.029   0.935615
-0.028   0.936394
-0.027   0.937146
-0.026   0.937872
-0.025   0.938571
-0.024   0.939242
-0.023   0.939887
-0.022   0.940505
-0.021   0.941095
-0.02   0.941659
-0.019   0.942195
-0.018   0.942704
-0.017   0.943186
-0.016   0.943641
-0.015   0.944068
-0.014   0.944468
-0.013   0.94484
-0.012   0.945185
-0.011   0.945502
-0.01   0.945792
-0.009   0.946054
-0.008   0.946289
-0.007   0.946497
-0.006   0.946676
-0.005   0.946828
-0.004   0.946953
-0.003   0.947049
-0.002   0.947118
-0.001   0.94716
8.8124e-16   0.947174
0.001   0.94716
0.002   0.947118
0.003   0.947049
0.004   0.946953
0.005   0.946828
0.006   0.946676
0.007   0.946497
0.008   0.946289
0.009   0.946054
0.01   0.945792
0.011   0.945502
0.012   0.945185
0.013   0.94484
0.014   0.944468
0.015   0.944068
0.016   0.943641
0.017   0.943186
0.018   0.942704
0.019   0.942195
0.02   0.941659
0.021   0.941095
0.022   0.940505
0.023   0.939887
0.024   0.939242
0.025   0.938571
0.026   0.937872
0.027   0.937146
0.028   0.936394
0.029   0.935615
0.03   0.934809
0.031   0.933977
0.032   0.933118
0.033   0.932233
0.034   0.931321
0.035   0.930383
0.036   0.929419
0.037   0.928429
0.038   0.927412
0.039   0.92637
0.04   0.925302
0.041   0.924208
0.042   0.923088
0.043   0.921943
0.044   0.920772
0.045   0.919576
0.046   0.918354
0.047   0.917107
0.048   0.915836
0.049   0.914539
0.05   0.913217
0.051   0.911871
0.052   0.9105
0.053   0.909104
0.054   0.907684
0.055   0.906239
0.056   0.904771
0.057   0.903278
0.058   0.901762
0.059   0.900221
0.06   0.898657
0.061   0.89707
0.062   0.895459
0.063   0.893825
0.064   0.892168
0.065   0.890487
0.066   0.888784
0.067   0.887058
0.068   0.88531
0.069   0.883539
0.07   0.881746
0.071   0.879931
0.072   0.878094
0.073   0.876235
0.074   0.874354
0.075   0.872452
0.076   0.870528
0.077   0.868584
0.078   0.866618
0.079   0.864632
0.08   0.862624
0.081   0.860597
0.082   0.858549
0.083   0.856481
0.084   0.854392
0.085   0.852284
0.086   0.850157
0.087   0.84801
0.088   0.845843
0.089   0.843657
0.09   0.841453
0.091   0.83923
0.092   0.836988
0.093   0.834728
0.094   0.832449
0.095   0.830153
0.096   0.827839
0.097   0.825507
0.098   0.823157
0.099   0.820791
0.1   0.818407
0.101   0.816007
0.102   0.81359
0.103   0.811156
0.104   0.808706
0.105   0.80624
0.106   0.803759
0.107   0.801261
0.108   0.798748
0.109   0.79622
0.11   0.793677
0.111   0.791119
0.112   0.788546
0.113   0.785959
0.114   0.783358
0.115   0.780743
0.116   0.778114
0.117   0.775471
0.118   0.772816
0.119   0.770146
0.12   0.767464
0.121   0.76477
0.122   0.762063
0.123   0.759343
0.124   0.756612
0.125   0.753868
0.126   0.751113
0.127   0.748347
0.128   0.745569
0.129   0.742781
0.13   0.739982
0.131   0.737172
0.132   0.734352
0.133   0.731522
0.134   0.728682
0.135   0.725832
0.136   0.722973
0.137   0.720105
0.138   0.717228
0.139   0.714342
0.14   0.711448
0.141   0.708545
0.142   0.705635
0.143   0.702716
0.144   0.69979
0.145   0.696857
0.146   0.693916
0.147   0.690969
0.148   0.688015
0.149   0.685055
0.15   0.682088
0.151   0.679115
0.152   0.676137
0.153   0.673153
0.154   0.670164
0.155   0.66717
0.156   0.66417
0.157   0.661167
0.158   0.658159
0.159   0.655146
0.16   0.65213
0.161   0.64911
0.162   0.646087
0.163   0.64306
0.164   0.640031
0.165   0.636998
0.166   0.633963
0.167   0.630926
0.168   0.627887
0.169   0.624845
0.17   0.621802
0.171   0.618758
0.172   0.615713
0.173   0.612666
0.174   0.609619
0.175   0.606571
0.176   0.603523
0.177   0.600474
0.178   0.597426
0.179   0.594378
0.18   0.591331
0.181   0.588285
0.182   0.585239
0.183   0.582195
0.184   0.579152
0.185   0.576111
0.186   0.573072
0.187   0.570035
0.188   0.567
0.189   0.563968
0.19   0.560938
0.191   0.557912
0.192   0.554888
0.193   0.551868
0.194   0.548851
0.195   0.545839
0.196   0.54283
0.197   0.539825
0.198   0.536825
0.199   0.533829
0.2   0.530838
0.201   0.527853
0.202   0.524872
0.203   0.521897
0.204   0.518927
0.205   0.515963
0.206   0.513005
0.207   0.510054
0.208   0.507109
0.209   0.50417
0.21   0.501238
0.211   0.498313
0.212   0.495395
0.213   0.492484
0.214   0.489581
0.215   0.486686
0.216   0.483798
0.217   0.480919
0.218   0.478048
0.219   0.475185
0.22   0.472331
0.221   0.469485
0.222   0.466649
0.223   0.463821
0.224   0.461003
0.225   0.458195
0.226   0.455396
0.227   0.452606
0.228   0.449827
0.229   0.447058
0.23   0.444299
0.231   0.44155
0.232   0.438812
0.233   0.436085
0.234   0.433368
0.235   0.430663
0.236   0.427969
0.237   0.425286
0.238   0.422615
0.239   0.419955
0.24   0.417307
0.241   0.414671
0.242   0.412047
0.243   0.409435
0.244   0.406836
0.245   0.404249
0.246   0.401674
0.247   0.399113
0.248   0.396564
0.249   0.394028
0.25   0.391505
0.251   0.388995
0.252   0.386499
0.253   0.384016
0.254   0.381547
0.255   0.379091
0.256   0.376649
0.257   0.374221
0.258   0.371808
0.259   0.369408
0.26   0.367022
0.261   0.364651
0.262   0.362294
0.263   0.359952
0.264   0.357624
0.265   0.355311
0.266   0.353013
0.267   0.350729
0.268   0.348461
0.269   0.346207
0.27   0.343969
0.271   0.341746
0.272   0.339538
0.273   0.337346
0.274   0.335169
0.275   0.333007
0.276   0.330861
0.277   0.328731
0.278   0.326617
0.279   0.324518
0.28   0.322435
0.281   0.320368
0.282   0.318317
0.283   0.316281
0.284   0.314262
0.285   0.312259
0.286   0.310272
0.287   0.308302
0.288   0.306347
0.289   0.304409
0.29   0.302487
0.291   0.300581
0.292   0.298692
0.293   0.296819
0.294   0.294963
0.295   0.293123
0.296   0.291299
0.297   0.289492
0.298   0.287702
0.299   0.285928
0.3   0.284171
0.301   0.28243
0.302   0.280705
0.303   0.278998
0.304   0.277307
0.305   0.275632
0.306   0.273974
0.307   0.272333
0.308   0.270708
0.309   0.2691
0.31   0.267508
0.311   0.265933
0.312   0.264375
0.313   0.262833
0.314   0.261307
0.315   0.259798
0.316   0.258306
0.317   0.25683
0.318   0.25537
0.319   0.253927
0.32   0.2525
0.321   0.251089
0.322   0.249695
0.323   0.248317
0.324   0.246955
0.325   0.24561
0.326   0.244281
0.327   0.242967
0.328   0.24167
0.329   0.240389
0.33   0.239124
0.331   0.237874
0.332   0.236641
0.333   0.235423
0.334   0.234221
0.335   0.233035
0.336   0.231864
0.337   0.230709
0.338   0.229569
0.339   0.228445
0.34   0.227336
0.341   0.226242
0.342   0.225164
0.343   0.2241
0.344   0.223052
0.345   0.222018
0.346   0.221
0.347   0.219996
0.348   0.219007
0.349   0.218033
0.35   0.217073
0.351   0.216127
0.352   0.215196
0.353   0.214279
0.354   0.213376
0.355   0.212487
0.356   0.211612
0.357   0.210751
0.358   0.209904
0.359   0.209071
0.36   0.208251
0.361   0.207444
0.362   0.20665
0.363   0.20587
0.364   0.205103
0.365   0.204349
0.366   0.203608
0.367   0.202879
0.368   0.202163
0.369   0.20146
0.37   0.200769
0.371   0.20009
0.372   0.199423
0.373   0.198769
0.374   0.198126
0.375   0.197495
0.376   0.196875
0.377   0.196267
0.378   0.19567
0.379   0.195085
0.38   0.194511
0.381   0.193947
0.382   0.193395
0.383   0.192853
0.384   0.192321
0.385   0.1918
0.386   0.191289
0.387   0.190789
0.388   0.190298
0.389   0.189817
0.39   0.189346
0.391   0.188884
0.392   0.188431
0.393   0.187988
0.394   0.187554
0.395   0.187129
0.396   0.186713
0.397   0.186305
0.398   0.185906
0.399   0.185515
0.4   0.185132
0.401   0.184757
0.402   0.18439
0.403   0.184031
0.404   0.183679
0.405   0.183335
0.406   0.182998
0.407   0.182668
0.408   0.182345
0.409   0.182028
0.41   0.181719
0.411   0.181415
0.412   0.181118
0.413   0.180827
0.414   0.180542
0.415   0.180263
0.416   0.17999
0.417   0.179722
0.418   0.179459
0.419   0.179202
0.42   0.178949
0.421   0.178701
0.422   0.178458
0.423   0.17822
0.424   0.177986
0.425   0.177756
0.426   0.17753
0.427   0.177308
0.428   0.17709
0.429   0.176875
0.43   0.176663
0.431   0.176455
0.432   0.17625
0.433   0.176048
0.434   0.175849
0.435   0.175652
0.436   0.175458
0.437   0.175265
0.438   0.175075
0.439   0.174887
0.44   0.174701
0.441   0.174517
0.442   0.174334
0.443   0.174152
0.444   0.173972
0.445   0.173792
0.446   0.173614
0.447   0.173436
0.448   0.173259
0.449   0.173082
0.45   0.172905
0.451   0.172729
0.452   0.172552
0.453   0.172376
0.454   0.172199
0.455   0.172022
0.456   0.171844
0.457   0.171665
0.458   0.171486
0.459   0.171305
0.46   0.171124
0.461   0.170941
0.462   0.170756
0.463   0.17057
0.464   0.170383
0.465   0.170193
0.466   0.170002
0.467   0.169808
0.468   0.169613
0.469   0.169415
0.47   0.169214
0.471   0.169011
0.472   0.168805
0.473   0.168596
0.474   0.168385
0.475   0.16817
0.476   0.167952
0.477   0.167731
0.478   0.167506
0.479   0.167278
0.48   0.167046
0.481   0.16681
0.482   0.166571
0.483   0.166327
0.484   0.16608
0.485   0.165828
0.486   0.165572
0.487   0.165312
0.488   0.165047
0.489   0.164778
0.49   0.164504
0.491   0.164225
0.492   0.163941
0.493   0.163653
0.494   0.163359
0.495   0.163061
0.496   0.162757
0.497   0.162448
0.498   0.162133
0.499   0.161814
0.5   0.161488
0.501   0.161158
0.502   0.160822
0.503   0.16048
0.504   0.160132
0.505   0.159778
0.506   0.159419
0.507   0.159054
0.508   0.158683
0.509   0.158306
0.51   0.157922
0.511   0.157533
0.512   0.157138
0.513   0.156736
0.514   0.156328
0.515   0.155914
0.516   0.155494
0.517   0.155067
0.518   0.154634
0.519   0.154195
0.52   0.153749
0.521   0.153297
0.522   0.152838
0.523   0.152373
0.524   0.151902
0.525   0.151424
0.526   0.150939
0.527   0.150448
0.528   0.14995
0.529   0.149446
0.53   0.148936
0.531   0.148419
0.532   0.147895
0.533   0.147365
0.534   0.146829
0.535   0.146286
0.536   0.145737
0.537   0.145181
0.538   0.144619
0.539   0.14405
0.54   0.143476
0.541   0.142894
0.542   0.142307
0.543   0.141713
0.544   0.141113
0.545   0.140507
0.546   0.139895
0.547   0.139277
0.548   0.138653
0.549   0.138023
0.55   0.137387
0.551   0.136745
0.552   0.136097
0.553   0.135443
0.554   0.134784
0.555   0.134119
0.556   0.133449
0.557   0.132773
0.558   0.132092
0.559   0.131406
0.56   0.130714
0.561   0.130017
0.562   0.129315
0.563   0.128609
0.564   0.127897
0.565   0.12718
0.566   0.126459
0.567   0.125733
0.568   0.125003
0.569   0.124268
0.57   0.123529
0.571   0.122786
0.572   0.122039
0.573   0.121288
0.574   0.120533
0.575   0.119774
0.576   0.119012
0.577   0.118246
0.578   0.117477
0.579   0.116704
0.58   0.115929
0.581   0.11515
0.582   0.114369
0.583   0.113585
0.584   0.112798
0.585   0.112009
0.586   0.111217
0.587   0.110424
0.588   0.109628
0.589   0.108831
0.59   0.108032
0.591   0.107231
0.592   0.106429
0.593   0.105626
0.594   0.104822
0.595   0.104016
0.596   0.10321
0.597   0.102404
0.598   0.101596
0.599   0.100789
0.6   0.0999815
0.601   0.099174
0.602   0.0983668
0.603   0.0975599
0.604   0.0967536
0.605   0.095948
0.606   0.0951433
0.607   0.0943398
0.608   0.0935375
0.609   0.0927366
0.61   0.0919374
0.611   0.09114
0.612   0.0903445
0.613   0.0895513
0.614   0.0887604
0.615   0.087972
0.616   0.0871864
0.617   0.0864037
0.618   0.0856241
0.619   0.0848477
0.62   0.0840749
0.621   0.0833057
0.622   0.0825404
0.623   0.0817792
0.624   0.0810222
0.625   0.0802696
0.626   0.0795216
0.627   0.0787785
0.628   0.0780404
0.629   0.0773075
0.63   0.0765799
0.631   0.075858
0.632   0.0751419
0.633   0.0744317
0.634   0.0737277
0.635   0.07303
0.636   0.0723389
0.637   0.0716546
0.638   0.0709771
0.639   0.0703068
0.64   0.0696438
0.641   0.0689884
0.642   0.0683406
0.643   0.0677007
0.644   0.0670688
0.645   0.0664452
0.646   0.0658301
0.647   0.0652236
0.648   0.0646259
0.649   0.0640371
0.65   0.0634576
0.651   0.0628874
0.652   0.0623267
0.653   0.0617758
0.654   0.0612347
0.655   0.0607037
0.656   0.0601829
0.657   0.0596725
0.658   0.0591727
0.659   0.0586836
0.66   0.0582055
0.661   0.0577383
0.662   0.0572825
0.663   0.056838
0.664   0.056405
0.665   0.0559837
0.666   0.0555743
0.667   0.0551769
0.668   0.0547916
0.669   0.0544186
0.67   0.054058
0.671   0.05371
0.672   0.0533746
0.673   0.0530522
0.674   0.0527426
0.675   0.0524462
0.676   0.052163
0.677   0.0518931
0.678   0.0516366
0.679   0.0513937
0.68   0.0511645
0.681   0.0509491
0.682   0.0507475
0.683   0.0505599
0.684   0.0503864
0.685   0.050227
0.686   0.0500819
0.687   0.0499511
0.688   0.0498347
0.689   0.0497328
0.69   0.0496455
0.691   0.0495727
0.692   0.0495147
0.693   0.0494714
0.694   0.0494428
0.695   0.0494291
0.696   0.0494303
0.697   0.0494464
0.698   0.0494774
0.699   0.0495234
0.7   0.0495843
0.701   0.0496603
0.702   0.0497513
0.703   0.0498574
0.704   0.0499784
0.705   0.0501145
0.706   0.0502656
0.707   0.0504317
0.708   0.0506127
0.709   0.0508087
0.71   0.0510196
0.711   0.0512454
0.712   0.051486
0.713   0.0517414
0.714   0.0520115
0.715   0.0522962
0.716   0.0525956
0.717   0.0529094
0.718   0.0532377
0.719   0.0535802
0.72   0.0539371
0.721   0.054308
0.722   0.054693
0.723   0.0550919
0.724   0.0555046
0.725   0.0559309
0.726   0.0563708
0.727   0.056824
0.728   0.0572905
0.729   0.05777
0.73   0.0582624
0.731   0.0587675
0.732   0.0592852
0.733   0.0598153
0.734   0.0603575
0.735   0.0609117
0.736   0.0614777
0.737   0.0620552
0.738   0.062644
0.739   0.0632439
0.74   0.0638546
0.741   0.0644759
0.742   0.0651076
0.743   0.0657494
0.744   0.066401
0.745   0.0670621
0.746   0.0677325
0.747   0.0684118
0.748   0.0690998
0.749   0.0697961
0.75   0.0705005
0.751   0.0712126
0.752   0.0719321
0.753   0.0726586
0.754   0.0733917
0.755   0.0741313
0.756   0.0748768
0.757   0.0756278
0.758   0.0763842
0.759   0.0771453
0.76   0.0779109
0.761   0.0786805
0.762   0.0794537
0.763   0.0802301
0.764   0.0810094
0.765   0.0817909
0.766   0.0825744
0.767   0.0833593
0.768   0.0841452
0.769   0.0849316
0.77   0.0857181
0.771   0.0865042
0.772   0.0872894
0.773   0.0880731
0.774   0.088855
0.775   0.0896344
0.776   0.0904109
0.777   0.091184
0.778   0.091953
0.779   0.0927175
0.78   0.093477
0.781   0.0942308
0.782   0.0949785
0.783   0.0957194
0.784   0.0964529
0.785   0.0971786
0.786   0.0978958
0.787   0.0986039
0.788   0.0993023
0.789   0.0999905
0.79   0.100668
0.791   0.101333
0.792   0.101987
0.793   0.102628
0.794   0.103255
0.795   0.103869
0.796   0.104468
0.797   0.105051
0.798   0.105619
0.799   0.10617
0.8   0.106703
0.801   0.107219
0.802   0.107716
0.803   0.108194
0.804   0.108652
0.805   0.109089
0.806   0.109504
0.807   0.109898
0.808   0.110269
0.809   0.110617
0.81   0.110941
0.811   0.111239
0.812   0.111513
0.813   0.11176
0.814   0.11198
0.815   0.112173
0.816   0.112337
0.817   0.112472
0.818   0.112578
0.819   0.112653
0.82   0.112697
0.821   0.11271
0.822   0.112689
0.823   0.112636
0.824   0.112549
0.825   0.112427
0.826   0.11227
0.827   0.112077
0.828   0.111847
0.829   0.11158
0.83   0.111274
0.831   0.11093
0.832   0.110547
0.833   0.110124
0.834   0.10966
0.835   0.109154
0.836   0.108607
0.837   0.108017
0.838   0.107384
0.839   0.106707
0.84   0.105985
0.841   0.105219
0.842   0.104406
0.843   0.103548
0.844   0.102642
0.845   0.101689
0.846   0.100688
0.847   0.0996387
0.848   0.0985403
0.849   0.0973922
0.85   0.0961942
0.851   0.0949456
0.852   0.093646
0.853   0.0922949
0.854   0.090892
0.855   0.0894367
0.856   0.0879287
0.857   0.0863677
0.858   0.0847531
0.859   0.0830848
0.86   0.0813623
0.861   0.0795854
0.862   0.0777537
0.863   0.0758671
0.864   0.0739253
0.865   0.0719281
0.866   0.0698753
0.867   0.0677667
0.868   0.0656022
0.869   0.0633818
0.87   0.0611053
0.871   0.0587726
0.872   0.0563839
0.873   0.053939
0.874   0.0514381
0.875   0.0488812
0.876   0.0462684
0.877   0.0436
0.878   0.040876
0.879   0.0380967
0.88   0.0352623
0.881   0.0323733
0.882   0.0294298
0.883   0.0264323
0.884   0.0233813
0.885   0.0202771
0.886   0.0171203
0.887   0.0139114
0.888   0.0106511
0.889   0.00733999
0.89   0.00397879
0.891   0.000568243
0.892   -0.00289084
0.893   -0.00639761
0.894   -0.00995116
0.895   -0.0135505
0.896   -0.0171947
0.897   -0.0208825
0.898   -0.024613
0.899   -0.0283848
0.9   -0.0321967
0.901   -0.0360474
0.902   -0.0399355
0.903   -0.0438596
0.904   -0.0478181
0.905   -0.0518094
0.906   -0.0558319
0.907   -0.0598838
0.908   -0.0639634
0.909   -0.0680687
0.91   -0.0721978
0.911   -0.0763486
0.912   -0.0805191
0.913   -0.084707
0.914   -0.08891
0.915   -0.0931259
0.916   -0.097352
0.917   -0.101586
0.918   -0.105825
0.919   -0.110066
0.92   -0.114308
0.921   -0.118545
0.922   -0.122777
0.923   -0.126999
0.924   -0.131208
0.925   -0.135401
0.926   -0.139575
0.927   -0.143726
0.928   -0.147851
0.929   -0.151945
0.93   -0.156005
0.931   -0.160027
0.932   -0.164006
0.933   -0.167939
0.934   -0.171821
0.935   -0.175648
0.936   -0.179415
0.937   -0.183118
0.938   -0.186751
0.939   -0.190309
0.94   -0.193788
0.941   -0.197182
0.942   -0.200486
0.943   -0.203694
0.944   -0.206801
0.945   -0.2098
0.946   -0.212686
0.947   -0.215453
0.948   -0.218094
0.949   -0.220603
0.95   -0.222972
0.951   -0.225197
0.952   -0.227269
0.953   -0.229181
0.954   -0.230926
0.955   -0.232497
0.956   -0.233885
0.957   -0.235084
0.958   -0.236085
0.959   -0.23688
0.96   -0.23746
0.961   -0.237818
0.962   -0.237943
0.963   -0.237828
0.964   -0.237463
0.965   -0.236838
0.966   -0.235944
0.967   -0.234772
0.968   -0.233311
0.969   -0.231551
0.97   -0.229481
0.971   -0.227091
0.972   -0.22437
0.973   -0.221307
0.974   -0.21789
0.975   -0.214108
0.976   -0.209949
0.977   -0.2054
0.978   -0.20045
0.979   -0.195086
0.98   -0.189295
0.981   -0.183063
0.982   -0.176378
0.983   -0.169225
0.984   -0.161591
0.985   -0.153461
0.986   -0.144822
0.987   -0.135657
0.988   -0.125953
0.989   -0.115693
0.99   -0.104863
0.991   -0.0934448
0.992   -0.0814237
0.993   -0.0687827
0.994   -0.0555048
0.995   -0.0415728
0.996   -0.0269691
0.997   -0.0116759
0.998   0.00432524
0.999   0.0210528
