x y
-1 -0.019161308298587864662
-0.99899999999999999911 -0.01825612606567494911
-0.99799999999999999822 -0.017349775035682579727
-0.99699999999999999734 -0.016442255208610423445
-0.99599999999999999645 -0.015533566584459479465
-0.99499999999999999556 -0.014623709163229081653
-0.99399999999999999467 -0.013712682944919341033
-0.99299999999999999378 -0.012800487929530257603
-0.99199999999999999289 -0.011887124117061831363
-0.99099999999999999201 -0.010972591507513618225
-0.98999999999999999112 -0.010056890100886395345
-0.98899999999999999023 -0.0091400198971799406777
-0.98799999999999998934 -0.0082219808963940321789
-0.98699999999999998845 -0.007302773098528891893
-0.98599999999999998757 -0.0063823965035842977755
-0.98499999999999998668 -0.0054608511115599167596
-0.98399999999999998579 -0.0045381369224566370235
-0.9829999999999999849 -0.0036142539362740144782
-0.98199999999999998401 -0.0026892021530119381012
-0.98099999999999998312 -0.0017629815726705189149
-0.97999999999999998224 -0.0008355921952498679417
-0.97899999999999998135 9.2965979250680952362e-05
-0.97799999999999998046 0.0010226929508300175442
-0.97699999999999997957 0.0019535887194888079677
-0.97599999999999997868 0.0028856532852269412004
-0.9749999999999999778 0.0038188866480444172424
-0.97399999999999997691 0.0047532888079413471161
-0.97299999999999997602 0.0056888597649179528659
-0.97199999999999997513 0.0066255995189734573358
-0.97099999999999997424 0.0075635080701084156374
-0.96999999999999997335 0.0085025854183227167482
-0.96899999999999997247 0.009442831563616249646
-0.96799999999999997158 0.010384246505989791487
-0.96699999999999997069 0.011326830245442121026
-0.9659999999999999698 0.012270582781973793374
-0.96499999999999996891 0.013215504115584808531
-0.96399999999999996803 0.014161594246275166498
-0.96299999999999996714 0.01510885317404520034
-0.96199999999999996625 0.016057280898894354948
-0.96099999999999996536 0.017006877420822741342
-0.95999999999999996447 0.017957642739830914635
-0.95899999999999996358 0.018909576855918097671
-0.9579999999999999627 0.019862679769084512493
-0.95699999999999996181 0.020816951479330714214
-0.95599999999999996092 0.021772391986655925677
-0.95499999999999996003 0.022729001291060590972
-0.95399999999999995914 0.023686779392544710099
-0.95299999999999995826 0.024645726291108061012
-0.95199999999999995737 0.025605841986750865757
-0.95099999999999995648 0.02656712647947290229
-0.94999999999999995559 0.027529579769274392653
-0.9489999999999999547 0.028493201856155336849
-0.94799999999999995381 0.029457992740115401809
-0.94699999999999995293 0.030423952421154809578
-0.94599999999999995204 0.031391080899273893223
-0.94499999999999995115 0.032359378174472097633
-0.94399999999999995026 0.033328844246749533831
-0.94299999999999994937 0.034299479116106645904
-0.94199999999999994849 0.035271282782542878742
-0.9409999999999999476 0.036244255246058454389
-0.93999999999999994671 0.037218396506653705913
-0.93899999999999994582 0.038193706564327967179
-0.93799999999999994493 0.039170185419081571254
-0.93699999999999994404 0.040147833070914851206
-0.93599999999999994316 0.0411266495198271409
-0.93499999999999994227 0.042106634765818884425
-0.93399999999999994138 0.043087788808890192804
-0.93299999999999994049 0.044070111649040621948
-0.9319999999999999396 0.045053603286270393902
-0.93099999999999993872 0.046038263720579841731
-0.92999999999999993783 0.047024092951968299303
-0.92899999999999993694 0.048011090980436099684
-0.92799999999999993605 0.048999257805983575942
-0.92699999999999993516 0.049988593428610172964
-0.92599999999999993427 0.050979097848316112795
-0.92499999999999993339 0.051970771065101617481
-0.9239999999999999325 0.052963613078966242931
-0.92299999999999993161 0.053957623889910433235
-0.92199999999999993072 0.054952803497933744303
-0.92099999999999992983 0.055949151903036509204
-0.91999999999999992895 0.056946669105218727935
-0.91899999999999992806 0.057945355104480178454
-0.91799999999999992717 0.058945209900820971782
-0.91699999999999992628 0.059946233494241329964
-0.91599999999999992539 0.060948425884740808911
-0.9149999999999999245 0.061951787072319630667
-0.91399999999999992362 0.062956317056978017277
-0.91299999999999992273 0.063962015838715580163
-0.91199999999999992184 0.064968883417532485858
-0.91099999999999992095 0.065976919793429011918
-0.90999999999999992006 0.06698612496640454772
-0.90899999999999991918 0.067996498936459537354
-0.90799999999999991829 0.069008041703594091842
-0.9069999999999999174 0.070020753267807767095
-0.90599999999999991651 0.071034633629100840668
-0.90499999999999991562 0.072049682787473479095
-0.90399999999999991473 0.073065900742925182776
-0.90299999999999991385 0.074083287495456284777
-0.90199999999999991296 0.075101843045067007143
-0.90099999999999991207 0.076121567391756850274
-0.89999999999999991118 0.077142460535525980703
-0.89899999999999991029 0.078164522476374731497
-0.89799999999999990941 0.079187753214302603055
-0.89699999999999990852 0.080212152749309817423
-0.89599999999999990763 0.081237721081396707667
-0.89499999999999990674 0.082264458210562663165
-0.89399999999999990585 0.083292364136807905961
-0.89299999999999990496 0.084321438860132824633
-0.89199999999999990408 0.085351682380536808559
-0.89099999999999990319 0.086383094698020412849
-0.8899999999999999023 0.087415675812583137905
-0.88899999999999990141 0.088449425724225261281
-0.88799999999999990052 0.089484344432946893999
-0.88699999999999989964 0.090520431938747702993
-0.88599999999999989875 0.091557688241627854797
-0.88499999999999989786 0.092596113341587626966
-0.88399999999999989697 0.093635707238626464388
-0.88299999999999989608 0.094676469932744700131
-0.88199999999999989519 0.095718401423942500728
-0.88099999999999989431 0.096761501712219422089
-0.87999999999999989342 0.097805770797575741771
-0.87899999999999989253 0.098851208680011570795
-0.87799999999999989164 0.099897815359526576096
-0.87699999999999989075 0.10094559083612097972
-0.87599999999999988987 0.10199453510979489268
-0.87499999999999988898 0.10304464818054792641
-0.87399999999999988809 0.10409593004838035846
-0.8729999999999998872 0.10514838071329235536
-0.87199999999999988631 0.10620200017528352854
-0.87099999999999988542 0.10725678843435398901
-0.86999999999999988454 0.10831274549050406986
-0.86899999999999988365 0.10936987134373321595
-0.86799999999999988276 0.11042816599404181588
-0.86699999999999988187 0.11148762944142998066
-0.86599999999999988098 0.1125482616858972662
-0.8649999999999998801 0.11361006272744383905
-0.86399999999999987921 0.11467303256607008777
-0.86299999999999987832 0.11573717120177540174
-0.86199999999999987743 0.11680247863456033608
-0.86099999999999987654 0.11786895486442433567
-0.85999999999999987566 0.11893659989136778909
-0.85899999999999987477 0.12000541371539075186
-0.85799999999999987388 0.1210753963364928909
-0.85699999999999987299 0.12214654775467431724
-0.8559999999999998721 0.12321886796993541946
-0.85499999999999987121 0.12429235698227558693
-0.85399999999999987033 0.12536701479169509721
-0.85299999999999986944 0.12644284139819417234
-0.85199999999999986855 0.12751983680177247926
-0.85099999999999986766 0.12859800100243007348
-0.84999999999999986677 0.12967733400016728806
-0.84899999999999986589 0.1307578357949835679
-0.847999999999999865 0.13183950638687924606
-0.84699999999999986411 0.13292234577585448907
-0.84599999999999986322 0.13400635396190890836
-0.84499999999999986233 0.13509153094504261494
-0.84399999999999986144 0.13617787672525594189
-0.84299999999999986056 0.13726539130254838961
-0.84199999999999985967 0.13835407467692023564
-0.84099999999999985878 0.13944392684837153551
-0.83999999999999985789 0.14053494781690212267
-0.838999999999999857 0.14162713758251199714
-0.83799999999999985612 0.14272049614520143646
-0.83699999999999985523 0.14381502350497005205
-0.83599999999999985434 0.14491071966181795494
-0.83499999999999985345 0.1460075846157454782
-0.83399999999999985256 0.14710561836675212222
-0.83299999999999985167 0.14820482091483816456
-0.83199999999999985079 0.14930519226000371624
-0.8309999999999998499 0.1504067324022484442
-0.82999999999999984901 0.15150944134157273702
-0.82899999999999984812 0.15261331907797620611
-0.82799999999999984723 0.15371836561145896249
-0.82699999999999984635 0.15482458094202139476
-0.82599999999999984546 0.15593196506966283676
-0.82499999999999984457 0.15704051799438367709
-0.82399999999999984368 0.15815023971618408227
-0.82299999999999984279 0.15926113023506371924
-0.8219999999999998419 0.16037318955102264351
-0.82099999999999984102 0.16148641766406113263
-0.81999999999999984013 0.16260081457417879802
-0.81899999999999983924 0.16371638028137575072
-0.81799999999999983835 0.16483311478565232377
-0.81699999999999983746 0.16595101808700807311
-0.81599999999999983658 0.16707009018544310974
-0.81499999999999983569 0.16819033108095771123
-0.8139999999999998348 0.16931174077355148899
-0.81299999999999983391 0.17043431926322460956
-0.81199999999999983302 0.17155806654997729499
-0.81099999999999983213 0.1726829826338092122
-0.80999999999999983125 0.17380906751472030569
-0.80899999999999983036 0.17493632119271113057
-0.80799999999999982947 0.17606474366778107621
-0.80699999999999982858 0.17719433493993030915
-0.80599999999999982769 0.17832509500915916245
-0.80499999999999982681 0.17945702387546708101
-0.80399999999999982592 0.1805901215388544534
-0.80299999999999982503 0.18172438799932133513
-0.80199999999999982414 0.18285982325686733763
-0.80099999999999982325 0.183996427311493016
-0.79999999999999982236 0.18513420016319770411
-0.79899999999999982148 0.18627314181198179055
-0.79799999999999982059 0.18741325225784549735
-0.7969999999999998197 0.18855453150078832492
-0.79599999999999981881 0.1896969795408105508
-0.79499999999999981792 0.19084059637791228603
-0.79399999999999981704 0.19198538201209314202
-0.79299999999999981615 0.19313133644335334083
-0.79199999999999981526 0.1942784596716932155
-0.79099999999999981437 0.19542675169711215544
-0.78999999999999981348 0.19657621251961043818
-0.78899999999999981259 0.19772684213918834129
-0.78799999999999981171 0.19887864055584536516
-0.78699999999999981082 0.20003160776958178735
-0.78599999999999980993 0.20118574378039771888
-0.78499999999999980904 0.20234104858829277118
-0.78399999999999980815 0.2034975221932672218
-0.78299999999999980727 0.20465516459532123728
-0.78199999999999980638 0.20581397579445442902
-0.78099999999999980549 0.20697395579066690807
-0.7799999999999998046 0.20813510458395900748
-0.77899999999999980371 0.20929742217433028317
-0.77799999999999980282 0.21046090856178079065
-0.77699999999999980194 0.211625563746310974
-0.77599999999999980105 0.21279138772792027812
-0.77499999999999980016 0.21395838050660892504
-0.77399999999999979927 0.21512654208237713682
-0.77299999999999979838 0.21629587245522446937
-0.7719999999999997975 0.21746637162515120023
-0.77099999999999979661 0.21863803959215744044
-0.76999999999999979572 0.21981087635624285692
-0.76899999999999979483 0.22098488191740789377
-0.76799999999999979394 0.22216005627565205138
-0.76699999999999979305 0.22333639943097555181
-0.76599999999999979217 0.22451391138337861708
-0.76499999999999979128 0.22569259213286080312
-0.76399999999999979039 0.22687244167942233197
-0.7629999999999997895 0.2280534600230635367
-0.76199999999999978861 0.22923564716378380668
-0.76099999999999978773 0.23041900310158336396
-0.75999999999999978684 0.23160352783646259711
-0.75899999999999978595 0.23278922136842089552
-0.75799999999999978506 0.23397608369745859225
-0.75699999999999978417 0.23516411482357590934
-0.75599999999999978328 0.23635331474677229169
-0.7549999999999997824 0.23754368346704807236
-0.75399999999999978151 0.23873522098440341788
-0.75299999999999978062 0.23992792729883782865
-0.75199999999999977973 0.24112180241035169326
-0.75099999999999977884 0.24231684631894506721
-0.74999999999999977796 0.24351305902461761743
-0.74899999999999977707 0.24471044052736951047
-0.74799999999999977618 0.24590899082720102387
-0.74699999999999977529 0.24710870992411160252
-0.7459999999999997744 0.24830959781810157949
-0.74499999999999977351 0.24951165450917112132
-0.74399999999999977263 0.25071487999731978391
-0.74299999999999977174 0.25191927428254784482
-0.74199999999999977085 0.25312483736485541508
-0.74099999999999976996 0.25433156924424221712
-0.73999999999999976907 0.25553946992070847299
-0.73899999999999976819 0.25674853939425390514
-0.7379999999999997673 0.25795877766487873561
-0.73699999999999976641 0.25917018473258313094
-0.73599999999999976552 0.26038276059736664703
-0.73499999999999976463 0.26159650525922950592
-0.73399999999999976374 0.26281141871817198519
-0.73299999999999976286 0.26402750097419358521
-0.73199999999999976197 0.26524475202729447254
-0.73099999999999976108 0.26646317187747503574
-0.72999999999999976019 0.2676827605247346642
-0.7289999999999997593 0.26890351796907369097
-0.72799999999999975842 0.2701254442104922826
-0.72699999999999975753 0.27134853924899005051
-0.72599999999999975664 0.27257280308456710571
-0.72499999999999975575 0.27379823571722372577
-0.72399999999999975486 0.27502483714695952211
-0.72299999999999975397 0.27625260737377466125
-0.72199999999999975309 0.27748154639766936524
-0.7209999999999997522 0.27871165421864324552
-0.71999999999999975131 0.2799429308366964686
-0.71899999999999975042 0.28117537625182925654
-0.71799999999999974953 0.28240899046404116524
-0.71699999999999974865 0.28364377347333247226
-0.71599999999999974776 0.28487972527970334413
-0.71499999999999974687 0.28611684588315328126
-0.71399999999999974598 0.28735513528368261671
-0.71299999999999974509 0.28859459348129157252
-0.7119999999999997442 0.28983522047597959359
-0.71099999999999974332 0.29107701626774729053
-0.70999999999999974243 0.29231998085659405273
-0.70899999999999974154 0.29356411424252015774
-0.70799999999999974065 0.2948094164255258276
-0.70699999999999973976 0.29605588740561072925
-0.70599999999999973888 0.29730352718277491819
-0.70499999999999973799 0.29855233575701867199
-0.7039999999999997371 0.29980231312834154656
-0.70299999999999973621 0.30105345929674381944
-0.70199999999999973532 0.30230577426222565718
-0.70099999999999973443 0.30355925802478667119
-0.69999999999999973355 0.30481391058442697251
-0.69899999999999973266 0.30606973194114689418
-0.69799999999999973177 0.30732672209494593663
-0.69699999999999973088 0.30858488104582426637
-0.69599999999999972999 0.30984420879378227198
-0.69499999999999972911 0.31110470533881939836
-0.69399999999999972822 0.31236637068093586755
-0.69299999999999972733 0.3136292048201319016
-0.69199999999999972644 0.31489320775640705641
-0.69099999999999972555 0.31615837948976155403
-0.68999999999999972466 0.31742472002019572752
-0.68899999999999972378 0.31869222934770891076
-0.68799999999999972289 0.31996090747230154783
-0.686999999999999722 0.32123075439397369424
-0.68599999999999972111 0.32250177011272501693
-0.68499999999999972022 0.32377395462855568242
-0.68399999999999971934 0.32504730794146591277
-0.68299999999999971845 0.32632183005145526389
-0.68199999999999971756 0.32759752095852401332
-0.68099999999999971667 0.32887438066267232761
-0.67999999999999971578 0.33015240916389976267
-0.67899999999999971489 0.33143160646220676258
-0.67799999999999971401 0.33271197255759293876
-0.67699999999999971312 0.33399350745005845775
-0.67599999999999971223 0.3352762111396035416
-0.67499999999999971134 0.33656008362622780172
-0.67399999999999971045 0.33784512490993134914
-0.67299999999999970957 0.33913133499071451693
-0.67199999999999970868 0.34041871386857680548
-0.67099999999999970779 0.34170726154351843684
-0.6699999999999997069 0.34299697801553968857
-0.66899999999999970601 0.34428786328464000555
-0.66799999999999970512 0.34557991735081972084
-0.66699999999999970424 0.346873140214079001
-0.66599999999999970335 0.34816753187441745743
-0.66499999999999970246 0.34946309233183520115
-0.66399999999999970157 0.35075982158633262076
-0.66299999999999970068 0.3520577196379090501
-0.6619999999999996998 0.35335678648656493328
-0.66099999999999969891 0.3546570221323003258
-0.65999999999999969802 0.3559584265751148946
-0.65899999999999969713 0.3572609998150088062
-0.65799999999999969624 0.35856474185198233817
-0.65699999999999969535 0.3598696526860349354
-0.65599999999999969447 0.36117573231716693094
-0.65499999999999969358 0.36248298074537849134
-0.65399999999999969269 0.3637913979706691725
-0.6529999999999996918 0.36510098399303925198
-0.65199999999999969091 0.36641173881248884081
-0.65099999999999969003 0.36772366242901760591
-0.64999999999999968914 0.36903675484262593587
-0.64899999999999968825 0.3703510160533134421
-0.64799999999999968736 0.37166644606108023563
-0.64699999999999968647 0.37298304486592664952
-0.64599999999999968558 0.37430081246785218418
-0.6449999999999996847 0.37561974886685711716
-0.64399999999999968381 0.37693985406294155949
-0.64299999999999968292 0.37826112805610512257
-0.64199999999999968203 0.37958357084634808398
-0.64099999999999968114 0.38090718243367066576
-0.63999999999999968026 0.38223196281807231278
-0.63899999999999967937 0.38355791199955335813
-0.63799999999999967848 0.38488502997811396833
-0.63699999999999967759 0.3862133167537536993
-0.6359999999999996767 0.38754277232647282858
-0.63499999999999967581 0.38887339669627152272
-0.63399999999999967493 0.39020518986314928211
-0.63299999999999967404 0.39153815182710643983
-0.63199999999999967315 0.39287228258814321791
-0.63099999999999967226 0.39420758214625906124
-0.62999999999999967137 0.39554405050145430289
-0.62899999999999967049 0.3968816876537291094
-0.6279999999999996696 0.39822049360308303667
-0.62699999999999966871 0.39956046834951630675
-0.62599999999999966782 0.4009016118930291972
-0.62499999999999966693 0.40224392423362120841
-0.62399999999999966604 0.40358740537129256243
-0.62299999999999966516 0.40493205530604353681
-0.62199999999999966427 0.40627787403787363196
-0.62099999999999966338 0.40762486156678301441
-0.61999999999999966249 0.40897301789277207273
-0.6189999999999996616 0.41032234301584025182
-0.61799999999999966072 0.41167283693598794025
-0.61699999999999965983 0.41302449965321474945
-0.61599999999999965894 0.41437733116752101248
-0.61499999999999965805 0.41573133147890684036
-0.61399999999999965716 0.41708650058737173349
-0.61299999999999965627 0.41844283849291596944
-0.61199999999999965539 0.41980034519553988126
-0.6109999999999996545 0.42115902069524285833
-0.60999999999999965361 0.42251886499202517822
-0.60899999999999965272 0.42387987808588711847
-0.60799999999999965183 0.42524205997682817948
-0.60699999999999965095 0.4266054106648485833
-0.60599999999999965006 0.42796993014994855198
-0.60499999999999964917 0.42933561843212775244
-0.60399999999999964828 0.43070247551138618469
-0.60299999999999964739 0.43207050138772423731
-0.6019999999999996465 0.43343969606114141069
-0.60099999999999964562 0.43481005953163798239
-0.59999999999999964473 0.43618159179921411894
-0.59899999999999964384 0.43755429286386937626
-0.59799999999999964295 0.43892816272560397639
-0.59699999999999964206 0.44030320138441819688
-0.59599999999999964118 0.44167940884031153814
-0.59499999999999964029 0.44305678509328422221
-0.5939999999999996394 0.44443533014333647113
-0.59299999999999963851 0.44581504399046784082
-0.59199999999999963762 0.44719592663467860882
-0.59099999999999963674 0.44857797807596894168
-0.58999999999999963585 0.44996119831433839531
-0.58899999999999963496 0.4513455873497874693
-0.58799999999999963407 0.45273114518231560854
-0.58699999999999963318 0.45411787181192314611
-0.58599999999999963229 0.45550576723861024853
-0.58499999999999963141 0.45689483146237647171
-0.58399999999999963052 0.45828506448322209321
-0.58299999999999962963 0.45967646630114722406
-0.58199999999999962874 0.46106903691615158669
-0.58099999999999962785 0.46246277632823523662
-0.57999999999999962697 0.46385768453739850692
-0.57899999999999962608 0.46525376154364084247
-0.57799999999999962519 0.46665100734696257634
-0.5769999999999996243 0.46804942194736387506
-0.57599999999999962341 0.46944900534484435006
-0.57499999999999962252 0.47084975753940411236
-0.57399999999999962164 0.47225167853104349502
-0.57299999999999962075 0.47365476831976199845
-0.57199999999999961986 0.4750590269055599002
-0.57099999999999961897 0.47646445428843731129
-0.56999999999999961808 0.47787105046839389866
-0.5689999999999996172 0.47927881544542982883
-0.56799999999999961631 0.48068774921954537938
-0.56699999999999961542 0.48209785179073999517
-0.56599999999999961453 0.48350912315901400929
-0.56499999999999961364 0.48492156332436753274
-0.56399999999999961275 0.48633517228680023248
-0.56299999999999961187 0.48774995004631238604
-0.56199999999999961098 0.48916589660290399344
-0.56099999999999961009 0.49058301195657477711
-0.5599999999999996092 0.49200129610732490359
-0.55899999999999960831 0.49342074905515465044
-0.55799999999999960743 0.49484137080006351805
-0.55699999999999960654 0.49626316134205189501
-0.55599999999999960565 0.49768612068111950375
-0.55499999999999960476 0.49911024881726639979
-0.55399999999999960387 0.50053554575049286068
-0.55299999999999960298 0.50196201148079844234
-0.5519999999999996021 0.50338964600818347783
-0.55099999999999960121 0.50481844933264796715
-0.54999999999999960032 0.50624842145419168826
-0.54899999999999959943 0.50767956237281475218
-0.54799999999999959854 0.50911187208851738095
-0.54699999999999959766 0.51054535060129913049
-0.54599999999999959677 0.51197999791116022283
-0.54499999999999959588 0.51341581401810099106
-0.54399999999999959499 0.51485279892212076902
-0.5429999999999995941 0.51629095262322000082
-0.54199999999999959321 0.51773027512139879747
-0.54099999999999959233 0.51917076641665660386
-0.53999999999999959144 0.52061242650899386408
-0.53899999999999959055 0.52205525539841068916
-0.53799999999999958966 0.523499253084906635
-0.53699999999999958877 0.52494441956848203468
-0.53599999999999958789 0.52639075484913688818
-0.534999999999999587 0.52783825892687086245
-0.53399999999999958611 0.52928693180168429055
-0.53299999999999958522 0.53073677347357728351
-0.53199999999999958433 0.53218778394254939723
-0.53099999999999958344 0.53363996320860085376
-0.52999999999999958256 0.53509331127173176412
-0.52899999999999958167 0.53654782813194201729
-0.52799999999999958078 0.5380035137892317243
-0.52699999999999957989 0.53946036824360066309
-0.525999999999999579 0.54091839149504883366
-0.52499999999999957812 0.54237758354357668011
-0.52399999999999957723 0.54383794438918364733
-0.52299999999999957634 0.54529947403186995736
-0.52199999999999957545 0.54676217247163583224
-0.52099999999999957456 0.54822603970848082788
-0.51999999999999957367 0.54969107574240516634
-0.51899999999999957279 0.55115728057340906965
-0.5179999999999995719 0.55262465420149220474
-0.51699999999999957101 0.55409319662665457162
-0.51599999999999957012 0.55556290784889661438
-0.51499999999999956923 0.55703378786821777791
-0.51399999999999956835 0.55850583668461828424
-0.51299999999999956746 0.55997905429809835542
-0.51199999999999956657 0.56145344070865754738
-0.51099999999999956568 0.56292899591629619316
-0.50999999999999956479 0.56440571992101429277
-0.5089999999999995639 0.56588361272281151315
-0.50799999999999956302 0.56736267432168818736
-0.50699999999999956213 0.56884290471764442643
-0.50599999999999956124 0.57032430391067978626
-0.50499999999999956035 0.57180687190079448889
-0.50399999999999955946 0.57329060868798875639
-0.50299999999999955858 0.57477551427226214464
-0.50199999999999955769 0.57626158865361487571
-0.5009999999999995568 0.57774883183204728265
-0.49999999999999955591 0.57923724380755881036
-0.49899999999999955502 0.58072682458014956985
-0.49799999999999955413 0.58221757414982000522
-0.49699999999999955325 0.58370949251656956136
-0.49599999999999955236 0.58520257968039868235
-0.49499999999999955147 0.5866968356413069241
-0.49399999999999955058 0.58819226039929450867
-0.49299999999999954969 0.58968885395436176911
-0.49199999999999954881 0.59118661630650803929
-0.49099999999999954792 0.5926855474557337633
-0.48999999999999954703 0.59418564740203905217
-0.48899999999999954614 0.5956869161454234618
-0.48799999999999954525 0.59718935368588721424
-0.48699999999999954436 0.59869296002343053154
-0.48599999999999954348 0.6001977351580529696
-0.48499999999999954259 0.60170367908975475046
-0.4839999999999995417 0.60321079181853609619
-0.48299999999999954081 0.6047190733443966737
-0.48199999999999953992 0.60622852366733670504
-0.48099999999999953904 0.60773914278735596817
-0.47999999999999953815 0.60925093070445468513
-0.47899999999999953726 0.6107638874186327449
-0.47799999999999953637 0.61227801292989003645
-0.47699999999999953548 0.61379330723822678184
-0.47599999999999953459 0.61530977034364298106
-0.47499999999999953371 0.61682740224613841207
-0.47399999999999953282 0.61834620294571318588
-0.47299999999999953193 0.61986617244236730251
-0.47199999999999953104 0.62138731073610087297
-0.47099999999999953015 0.62290961782691367521
-0.46999999999999952927 0.62443309371480593128
-0.46899999999999952838 0.62595773839977753017
-0.46799999999999952749 0.62748355188182847186
-0.4669999999999995266 0.62901053416095875637
-0.46599999999999952571 0.6305386852371684947
-0.46499999999999952482 0.6320680051104573538
-0.46399999999999952394 0.63359849378082577775
-0.46299999999999952305 0.63513015124827354452
-0.46199999999999952216 0.63666297751280054307
-0.46099999999999952127 0.63819697257440699545
-0.45999999999999952038 0.63973213643309279064
-0.4589999999999995195 0.64126846908885803966
-0.45799999999999951861 0.64280597054170240945
-0.45699999999999951772 0.64434464079162634409
-0.45599999999999951683 0.64588447983862962154
-0.45499999999999951594 0.64742548768271213078
-0.45399999999999951505 0.64896766432387398282
-0.45299999999999951417 0.65051100976211539972
-0.45199999999999951328 0.65205552399743593739
-0.45099999999999951239 0.65360120702983592889
-0.4499999999999995115 0.65514805885931526319
-0.44899999999999951061 0.65669607948587394031
-0.44799999999999950973 0.65824526890951196023
-0.44699999999999950884 0.65979562713022943399
-0.44599999999999950795 0.66134715414802613953
-0.44499999999999950706 0.66289984996290229891
-0.44399999999999950617 0.66445371457485780109
-0.44299999999999950528 0.66600874798389275711
-0.4419999999999995044 0.66756495019000683389
-0.44099999999999950351 0.66912232119320047552
-0.43999999999999950262 0.67068086099347334894
-0.43899999999999950173 0.67224056959082556517
-0.43799999999999950084 0.67380144698525723523
-0.43699999999999949996 0.67536349317676813708
-0.43599999999999949907 0.67692670816535849276
-0.43499999999999949818 0.67849109195102819125
-0.43399999999999949729 0.68005664453377723255
-0.4329999999999994964 0.68162336591360550564
-0.43199999999999949551 0.68319125609051334358
-0.43099999999999949463 0.68476031506450052433
-0.42999999999999949374 0.68633054283556682584
-0.42899999999999949285 0.68790193940371269221
-0.42799999999999949196 0.68947450476893790139
-0.42699999999999949107 0.69104823893124245338
-0.42599999999999949019 0.69262314189062623715
-0.4249999999999994893 0.69419921364708958578
-0.42399999999999948841 0.69577645420063216619
-0.42299999999999948752 0.69735486355125408942
-0.42199999999999948663 0.69893444169895546647
-0.42099999999999948574 0.70051518864373607531
-0.41999999999999948486 0.70209710438559602697
-0.41899999999999948397 0.70368018892453543245
-0.41799999999999948308 0.70526444226055429176
-0.41699999999999948219 0.70684986439365227184
-0.4159999999999994813 0.70843645532382970575
-0.41499999999999948042 0.7100242150510865935
-0.41399999999999947953 0.71161314357542271303
-0.41299999999999947864 0.71320324089683817537
-0.41199999999999947775 0.71479450701533309154
-0.41099999999999947686 0.71638694193090735052
-0.40999999999999947597 0.71798054564356084128
-0.40899999999999947509 0.71957531815329378588
-0.4079999999999994742 0.72117125946010607329
-0.40699999999999947331 0.72276836956399770351
-0.40599999999999947242 0.72436664846496867654
-0.40499999999999947153 0.72596609616301910339
-0.40399999999999947065 0.72756671265814876204
-0.40299999999999946976 0.72916849795035787452
-0.40199999999999946887 0.7307714520396463298
-0.40099999999999946798 0.73237557492601401687
-0.39999999999999946709 0.73398086660946115778
-0.3989999999999994662 0.73558732708998775252
-0.39799999999999946532 0.73719495636759357904
-0.39699999999999946443 0.73880375444227874837
-0.39599999999999946354 0.74041372131404326051
-0.39499999999999946265 0.74202485698288722649
-0.39399999999999946176 0.74363716144881042425
-0.39299999999999946088 0.74525063471181307584
-0.39199999999999945999 0.74686527677189507024
-0.3909999999999994591 0.74848108762905640745
-0.38999999999999945821 0.75009806728329708747
-0.38899999999999945732 0.75171621573461722132
-0.38799999999999945643 0.75333553298301647594
-0.38699999999999945555 0.75495601902849529541
-0.38599999999999945466 0.75657767387105345769
-0.38499999999999945377 0.75820049751069085175
-0.38399999999999945288 0.75982448994740769965
-0.38299999999999945199 0.76144965118120389036
-0.38199999999999945111 0.7630759812120795349
-0.38099999999999945022 0.7647034800400343002
-0.37999999999999944933 0.76633214766506863036
-0.37899999999999944844 0.76796198408718230333
-0.37799999999999944755 0.76959298930637509706
-0.37699999999999944666 0.77122516332264745564
-0.37599999999999944578 0.77285850613599915704
-0.37499999999999944489 0.77449301774643020124
-0.373999999999999444 0.77612869815394058826
-0.37299999999999944311 0.77776554735853031808
-0.37199999999999944222 0.77940356536019939071
-0.37099999999999944134 0.78104275215894780615
-0.36999999999999944045 0.78268310775477567542
-0.36899999999999943956 0.78432463214768277648
-0.36799999999999943867 0.78596732533766933138
-0.36699999999999943778 0.78761118732473522908
-0.36599999999999943689 0.78925621810888046959
-0.36499999999999943601 0.79090241769010505291
-0.36399999999999943512 0.79254978606840897903
-0.36299999999999943423 0.79419832324379235899
-0.36199999999999943334 0.79584802921625485972
-0.36099999999999943245 0.7974989039857969253
-0.35999999999999943157 0.79915094755241833369
-0.35899999999999943068 0.80080415991611897386
-0.35799999999999942979 0.80245854107689906787
-0.3569999999999994289 0.80411409103475861571
-0.35599999999999942801 0.80577080978969728431
-0.35499999999999942712 0.80742869734171551777
-0.35399999999999942624 0.80908775369081298301
-0.35299999999999942535 0.81074797883698990209
-0.35199999999999942446 0.81240937278024605295
-0.35099999999999942357 0.81407193552058165764
-0.34999999999999942268 0.81573566705799660514
-0.3489999999999994218 0.81740056739249078444
-0.34799999999999942091 0.81906663652406441756
-0.34699999999999942002 0.82073387445271750451
-0.34599999999999941913 0.82240228117844971223
-0.34499999999999941824 0.8240718567012614848
-0.34399999999999941735 0.82574260102115260018
-0.34299999999999941647 0.82741451413812294735
-0.34199999999999941558 0.82908759605217274835
-0.34099999999999941469 0.83076184676330189216
-0.3399999999999994138 0.83243726627151026776
-0.33899999999999941291 0.83411385457679820821
-0.33799999999999941203 0.83579161167916538044
-0.33699999999999941114 0.83747053757861200651
-0.33599999999999941025 0.83915063227513775335
-0.33499999999999940936 0.84083189576874306503
-0.33399999999999940847 0.84251432805942771953
-0.33299999999999940758 0.84419792914719160581
-0.3319999999999994067 0.84588269903203494593
-0.33099999999999940581 0.84756863771395773988
-0.32999999999999940492 0.84925574519295965459
-0.32899999999999940403 0.85094402146904113415
-0.32799999999999940314 0.85263346654220195653
-0.32699999999999940226 0.85432408041244189967
-0.32599999999999940137 0.85601586307976140766
-0.32499999999999940048 0.85770881454416025846
-0.32399999999999939959 0.85940293480563834105
-0.3229999999999993987 0.8610982238641959885
-0.32199999999999939782 0.86279468171983286773
-0.32099999999999939693 0.86449230837254908977
-0.31999999999999939604 0.86619110382234465462
-0.31899999999999939515 0.8678910680692196733
-0.31799999999999939426 0.86959220111317403479
-0.31699999999999939337 0.87129450295420751704
-0.31599999999999939249 0.87299797359232056415
-0.3149999999999993916 0.87470261302751306509
-0.31399999999999939071 0.8764084212597846868
-0.31299999999999938982 0.87811539828913576233
-0.31199999999999938893 0.8798235441155662917
-0.31099999999999938805 0.88153285873907605286
-0.30999999999999938716 0.88324334215966515682
-0.30899999999999938627 0.88495499437733371462
-0.30799999999999938538 0.88666781539208161522
-0.30699999999999938449 0.88838180520390874761
-0.3059999999999993836 0.89009696381281533384
-0.30499999999999938272 0.89181329121880137389
-0.30399999999999938183 0.89353078742186653471
-0.30299999999999938094 0.89524945242201126039
-0.30199999999999938005 0.89696928621923532887
-0.30099999999999937916 0.89869028881353851812
-0.29999999999999937828 0.90041246020492127222
-0.29899999999999937739 0.90213580039338336913
-0.2979999999999993765 0.90386030937892480885
-0.29699999999999937561 0.90558598716154559138
-0.29599999999999937472 0.90731283374124571672
-0.29499999999999937383 0.90904084911802518487
-0.29399999999999937295 0.91077003329188399583
-0.29299999999999937206 0.91250038626282226062
-0.29199999999999937117 0.91423190803083986822
-0.29099999999999937028 0.9159645985959367076
-0.28999999999999936939 0.91769845795811300082
-0.28899999999999936851 0.91943348611736863685
-0.28799999999999936762 0.92116968307370361568
-0.28699999999999936673 0.92290704882711793733
-0.28599999999999936584 0.92464558337761171281
-0.28499999999999936495 0.92638528672518460905
-0.28399999999999936406 0.92812615886983707014
-0.28299999999999936318 0.92986819981156887405
-0.28199999999999936229 0.93161140955037990974
-0.2809999999999993614 0.93335578808627039926
-0.27999999999999936051 0.93510133541924023159
-0.27899999999999935962 0.93684805154928940674
-0.27799999999999935874 0.93859593647641792469
-0.27699999999999935785 0.94034499020062589647
-0.27599999999999935696 0.94209521272191321106
-0.27499999999999935607 0.94384660404027975744
-0.27399999999999935518 0.94559916415572575765
-0.27299999999999935429 0.94735289306825110067
-0.27199999999999935341 0.94910779077785567548
-0.27099999999999935252 0.95086385728453970412
-0.26999999999999935163 0.95262109258830318659
-0.26899999999999935074 0.95437949668914578982
-0.26799999999999934985 0.95613906958706795791
-0.26699999999999934897 0.95789981128206946881
-0.26599999999999934808 0.95966172177415010047
-0.26499999999999934719 0.96142480106331029699
-0.2639999999999993463 0.96318904914954994734
-0.26299999999999934541 0.96495446603286871845
-0.26199999999999934452 0.96672105171326694339
-0.26099999999999934364 0.96848880619074462217
-0.25999999999999934275 0.97025772946530153273
-0.25899999999999934186 0.97202782153693778611
-0.25799999999999934097 0.97379908240565349331
-0.25699999999999934008 0.97557151207144854332
-0.2559999999999993392 0.97734511053432282512
-0.25499999999999933831 0.97911987779427656076
-0.25399999999999933742 0.9808958138513096392
-0.25299999999999933653 0.98267291870542206045
-0.25199999999999933564 0.98445119235661382451
-0.25099999999999933475 0.9862306348048850424
-0.24999999999999933387 0.98801124605023549208
-0.24899999999999933298 0.98979302609266539559
-0.24799999999999933209 0.99157597493217464191
-0.2469999999999993312 0.99336009256876323104
-0.24599999999999933031 0.99514537900243105195
-0.24499999999999932943 0.9969318342331783267
-0.24399999999999932854 0.99871945826100505528
-0.24299999999999932765 1.0005082510859109046
-0.24199999999999932676 1.0022982127078963188
-0.24099999999999932587 1.0040893431269608538
-0.23999999999999932498 1.0058816423431051756
-0.2389999999999993241 1.0076751103563283962
-0.23799999999999932321 1.0094697471666311817
-0.23699999999999932232 1.0112655527740135319
-0.23599999999999932143 1.013062527178474781
-0.23499999999999932054 1.0148606703800158169
-0.23399999999999931966 1.0166599823786359735
-0.23299999999999931877 1.018460463174335473
-0.23199999999999931788 1.0202621127671143153
-0.23099999999999931699 1.0220649311569727224
-0.2299999999999993161 1.0238689183439102504
-0.22899999999999931521 1.0256740743279271211
-0.22799999999999931433 1.0274803991090235566
-0.22699999999999931344 1.029287892687199113
-0.22599999999999931255 1.0310965550624544562
-0.22499999999999931166 1.0329063862347886982
-0.22399999999999931077 1.0347173862042022829
-0.22299999999999930989 1.0365295549706954326
-0.221999999999999309 1.038342892534267925
-0.22099999999999930811 1.0401573988949197602
-0.21999999999999930722 1.0419730740526509383
-0.21899999999999930633 1.0437899180074614591
-0.21799999999999930544 1.0456079307593513228
-0.21699999999999930456 1.0474271123083205293
-0.21599999999999930367 1.0492474626543693006
-0.21499999999999930278 1.0510689817974971927
-0.21399999999999930189 1.0528916697377046496
-0.212999999999999301 1.0547155264749912273
-0.21199999999999930012 1.0565405520093571479
-0.21099999999999929923 1.0583667463408026332
-0.20999999999999929834 1.0601941094693272394
-0.20899999999999929745 1.0620226413949311883
-0.20799999999999929656 1.0638523421176149242
-0.20699999999999929567 1.0656832116373775587
-0.20599999999999929479 1.0675152499542197582
-0.2049999999999992939 1.0693484570681413004
-0.20399999999999929301 1.0711828329791421854
-0.20299999999999929212 1.0730183776872224133
-0.20199999999999929123 1.0748550911923819839
-0.20099999999999929035 1.0766929734946208974
-0.19999999999999928946 1.0785320245939389316
-0.19899999999999928857 1.0803722444903367528
-0.19799999999999928768 1.0822136331838136947
-0.19699999999999928679 1.0840561906743702014
-0.1959999999999992859 1.0858999169620058289
-0.19499999999999928502 1.0877448120467207993
-0.19399999999999928413 1.0895908759285151124
-0.19299999999999928324 1.0914381086073892124
-0.19199999999999928235 1.0932865100833422112
-0.19099999999999928146 1.0951360803563747748
-0.18999999999999928058 1.0969868194264866812
-0.18899999999999927969 1.0988387272936777084
-0.1879999999999992788 1.1006918039579483004
-0.18699999999999927791 1.1025460494192982353
-0.18599999999999927702 1.1044014636777275129
-0.18499999999999927613 1.1062580467332361334
-0.18399999999999927525 1.1081157985858240966
-0.18299999999999927436 1.1099747192354914027
-0.18199999999999927347 1.1118348086822382736
-0.18099999999999927258 1.1136960669260642653
-0.17999999999999927169 1.1155584939669695999
-0.17899999999999927081 1.1174220898049544992
-0.17799999999999926992 1.1192868544400185193
-0.17699999999999926903 1.1211527878721618823
-0.17599999999999926814 1.1230198901013848101
-0.17499999999999926725 1.1248881611276868586
-0.17399999999999926636 1.1267576009510686941
-0.17299999999999926548 1.1286282095715294282
-0.17199999999999926459 1.1304999869890697273
-0.1709999999999992637 1.1323729332036891471
-0.16999999999999926281 1.1342470482153883538
-0.16899999999999926192 1.1361223320241664592
-0.16799999999999926104 1.1379987846300243515
-0.16699999999999926015 1.1398764060329613645
-0.16599999999999925926 1.1417551962329774984
-0.16499999999999925837 1.1436351552300731971
-0.16399999999999925748 1.1455162830242484606
-0.16299999999999925659 1.1473985796155028449
-0.16199999999999925571 1.1492820450038367941
-0.16099999999999925482 1.151166679189249864
-0.15999999999999925393 1.1530524821717422768
-0.15899999999999925304 1.1549394539513142544
-0.15799999999999925215 1.1568275945279655748
-0.15699999999999925127 1.1587169039016960159
-0.15599999999999925038 1.160607382072506244
-0.15499999999999924949 1.1624990290403953708
-0.1539999999999992486 1.1643918448053638404
-0.15299999999999924771 1.1662858293674118748
-0.15199999999999924682 1.1681809827265394741
-0.15099999999999924594 1.1700773048827459721
-0.14999999999999924505 1.1719747958360322571
-0.14899999999999924416 1.1738734555863976627
-0.14799999999999924327 1.1757732841338424112
-0.14699999999999924238 1.1776742814783665025
-0.1459999999999992415 1.1795764476199699367
-0.14499999999999924061 1.1814797825586527136
-0.14399999999999923972 1.1833842862944150554
-0.14299999999999923883 1.1852899588272567399
-0.14199999999999923794 1.1871968001571775453
-0.14099999999999923705 1.1891048102841779155
-0.13999999999999923617 1.1910139892082574065
-0.13899999999999923528 1.1929243369294166843
-0.13799999999999923439 1.1948358534476548609
-0.1369999999999992335 1.1967485387629726024
-0.13599999999999923261 1.1986623928753694646
-0.13499999999999923173 1.2005774157848461137
-0.13399999999999923084 1.2024936074914016615
-0.13299999999999922995 1.2044109679950369962
-0.13199999999999922906 1.2063294972957514517
-0.13099999999999922817 1.20824919539354525
-0.12999999999999922728 1.2101700622884183911
-0.1289999999999992264 1.2120920979803710971
-0.12799999999999922551 1.2140153024694029238
-0.12699999999999922462 1.2159396757555143154
-0.12599999999999922373 1.2178652178387048277
-0.12499999999999922284 1.2197919287189746829
-0.12399999999999922196 1.2217198083963238808
-0.12299999999999922107 1.2236488568707526436
-0.12199999999999922018 1.2255790741422607493
-0.12099999999999921929 1.2275104602108481977
-0.1199999999999992184 1.2294430150765149889
-0.11899999999999921751 1.231376738739260901
-0.11799999999999921663 1.2333116311990865999
-0.11699999999999921574 1.2352476924559911975
-0.11599999999999921485 1.23718492250997536
-0.11499999999999921396 1.2391233213610390873
-0.11399999999999921307 1.2410628890091819354
-0.11299999999999921219 1.2430036254544041263
-0.1119999999999992113 1.2449455306967058821
-0.11099999999999921041 1.2468886047360867586
-0.10999999999999920952 1.2488328475725469779
-0.10899999999999920863 1.2507782592060867621
-0.10799999999999920774 1.2527248396367056671
-0.10699999999999920686 1.2546725888644039149
-0.10599999999999920597 1.2566215068891817275
-0.10499999999999920508 1.2585715937110388829
-0.10399999999999920419 1.2605228493299753811
-0.1029999999999992033 1.2624752737459912222
-0.10199999999999920242 1.264428866959086184
-0.10099999999999920153 1.2663836289692607107
-0.099999999999999200639 1.2683395597765145801
-0.098999999999999199751 1.2702966593808477924
-0.097999999999999198863 1.2722549277822605696
-0.096999999999999197975 1.2742143649807524675
-0.095999999999999197087 1.2761749709763237082
-0.094999999999999196199 1.2781367457689742917
-0.09399999999999919531 1.280099689358704218
-0.092999999999999194422 1.2820638017455134872
-0.091999999999999193534 1.2840290829294025432
-0.090999999999999192646 1.285995532910370498
-0.089999999999999191758 1.2879631516884177955
-0.088999999999999190869 1.2899319392635446579
-0.087999999999999189981 1.2919018956357508632
-0.086999999999999189093 1.2938730208050361892
-0.085999999999999188205 1.29584531477140108
-0.084999999999999187317 1.2978187775348453137
-0.083999999999999186429 1.2997934090953688901
-0.08299999999999918554 1.3017692094529718094
-0.081999999999999184652 1.3037461786076540715
-0.080999999999999183764 1.3057243165594156764
-0.079999999999999182876 1.3077036233082566241
-0.078999999999999181988 1.3096840988541769146
-0.077999999999999181099 1.311665743197176548
-0.076999999999999180211 1.3136485563372557461
-0.075999999999999179323 1.3156325382744140651
-0.074999999999999178435 1.3176176890086519489
-0.073999999999999177547 1.3196040085399689534
-0.072999999999999176659 1.3215914968683655228
-0.07199999999999917577 1.323580153993841213
-0.070999999999999174882 1.3255699799163964681
-0.069999999999999173994 1.3275609746360310659
-0.068999999999999173106 1.3295531381527450066
-0.067999999999999172218 1.33154647046653829
-0.06699999999999917133 1.3335409715774106942
-0.065999999999999170441 1.3355366414853628854
-0.064999999999999169553 1.3375334801903941973
-0.063999999999999168665 1.3395314876925046299
-0.062999999999999167777 1.3415306639916948495
-0.061999999999999166889 1.3435310090879641898
-0.060999999999999166 1.3455325229813128729
-0.059999999999999165112 1.3475352056717411209
-0.058999999999999164224 1.3495390571592484896
-0.057999999999999163336 1.3515440774438352012
-0.056999999999999162448 1.3535502665255014776
-0.05599999999999916156 1.3555576244042468748
-0.054999999999999160671 1.3575661510800718368
-0.053999999999999159783 1.3595758465529761416
-0.052999999999999158895 1.3615867108229595672
-0.051999999999999158007 1.3635987438900225577
-0.050999999999999157119 1.3656119457541648909
-0.049999999999999156231 1.367626316415386567
-0.048999999999999155342 1.3696418558736873639
-0.047999999999999154454 1.3716585641290679476
-0.046999999999999153566 1.3736764411815276521
-0.045999999999999152678 1.3756954870310666994
-0.04499999999999915179 1.3777157016776850895
-0.043999999999999150901 1.3797370851213828225
-0.042999999999999150013 1.3817596373621598982
-0.041999999999999149125 1.3837833584000165388
-0.040999999999999148237 1.3858082482349523001
-0.039999999999999147349 1.3878343068669678484
-0.038999999999999146461 1.3898615342960622954
-0.037999999999999145572 1.3918899305222360852
-0.036999999999999144684 1.3939194955454894398
-0.035999999999999143796 1.3959502293658221372
-0.034999999999999142908 1.3979821319832339555
-0.03399999999999914202 1.4000152033977255606
-0.032999999999999141131 1.4020494436092960644
-0.031999999999999140243 1.4040848526179461331
-0.030999999999999139355 1.4061214304236755446
-0.029999999999999138467 1.4081591770264842989
-0.028999999999999137579 1.410198092426372396
-0.027999999999999136691 1.412238176623340058
-0.026999999999999135802 1.4142794296173868407
-0.025999999999999134914 1.4163218514085129662
-0.024999999999999134026 1.4183654419967186566
-0.023999999999999133138 1.4204102013820034678
-0.02299999999999913225 1.4224561295643676218
-0.021999999999999131362 1.4245032265438113406
-0.020999999999999130473 1.4265514923203341802
-0.019999999999999129585 1.4286009268939365846
-0.018999999999999128697 1.4306515302646183319
-0.017999999999999127809 1.4327033024323791999
-0.016999999999999126921 1.4347562433972196327
-0.015999999999999126032 1.4368103531591394084
-0.014999999999999125144 1.4388656317181385269
-0.013999999999999124256 1.4409220790742169882
-0.012999999999999123368 1.4429796952273747923
-0.01199999999999912248 1.4450384801776119392
-0.010999999999999121592 1.447098433924928651
-0.0099999999999991207034 1.4491595564693244835
-0.0089999999999991198152 1.4512218478107996589
-0.007999999999999118927 1.4532853079493543991
-0.0069999999999991189062 1.45534993688498826
-0.0059999999999991188854 1.4574157346177014638
-0.0049999999999991188646 1.4594827011474942324
-0.0039999999999991188437 1.4615508364743661218
-0.0029999999999991188229 1.4636201405983175761
-0.0019999999999991188021 1.4656906135193483731
-0.00099999999999911878129 1.467762255237458513
8.8123952579621800396e-16 1.4698350657526477736
0.0010000000000008812603 1.4719090450649168211
0.0020000000000008812812 1.4739841931742647674
0.003000000000000881302 1.4760605100806922785
0.0040000000000008813228 1.4781379957841991324
0.0050000000000008813436 1.4802166502847853291
0.0060000000000008813644 1.4822964735824508686
0.0070000000000008813852 1.484377465677195973
0.0080000000000008814061 1.4864596265690201982
0.0090000000000008822942 1.4885429562579237661
0.010000000000000883182 1.4906274547439068989
0.011000000000000884071 1.4927131220269691525
0.012000000000000884959 1.4947999581071107489
0.013000000000000885847 1.4968879629843319101
0.014000000000000886735 1.4989771366586324142
0.015000000000000887623 1.501067479130012039
0.016000000000000888511 1.5031589903984714507
0.0170000000000008894 1.5052516704640097611
0.018000000000000890288 1.5073455193266276364
0.019000000000000891176 1.5094405369863248545
0.020000000000000892064 1.5115367234431014154
0.021000000000000892952 1.5136340786969570971
0.022000000000000893841 1.5157326027478925656
0.023000000000000894729 1.517832295595907155
0.024000000000000895617 1.5199331572410010871
0.025000000000000896505 1.5220351876831745841
0.026000000000000897393 1.5241383869224272019
0.027000000000000898281 1.5262427549587591624
0.02800000000000089917 1.5283482917921706878
0.029000000000000900058 1.530454997422661334
0.030000000000000900946 1.5325628718502315451
0.031000000000000901834 1.5346719150748810989
0.032000000000000902722 1.5367821270966097735
0.033000000000000903611 1.538893507915417791
0.034000000000000904499 1.5410060575313055953
0.035000000000000905387 1.5431197759442722983
0.036000000000000906275 1.5452346631543187883
0.037000000000000907163 1.547350719161444399
0.038000000000000908051 1.5494679439656491304
0.03900000000000090894 1.5515863375669336488
0.040000000000000909828 1.5537058999652972879
0.041000000000000910716 1.5558266311607402699
0.042000000000000911604 1.5579485311532628167
0.043000000000000912492 1.5600715999428644842
0.04400000000000091338 1.5621958375295454946
0.045000000000000914269 1.5643212439133060698
0.046000000000000915157 1.5664478190941457658
0.047000000000000916045 1.5685755630720648046
0.048000000000000916933 1.5707044758470634083
0.049000000000000917821 1.5728345574191413547
0.05000000000000091871 1.574965807788298422
0.051000000000000919598 1.5770982269545352761
0.052000000000000920486 1.5792318149178510289
0.053000000000000921374 1.5813665716782463466
0.054000000000000922262 1.5835024972357210071
0.05500000000000092315 1.5856395915902750104
0.056000000000000924039 1.5877778547419083566
0.057000000000000924927 1.5899172866906212676
0.058000000000000925815 1.5920578874364130773
0.059000000000000926703 1.5941996569792846739
0.060000000000000927591 1.5963425953192353912
0.06100000000000092848 1.5984867024562654514
0.062000000000000929368 1.6006319783903748544
0.063000000000000930256 1.6027784231215640443
0.064000000000000931144 1.6049260366498321329
0.065000000000000932032 1.6070748189751797863
0.06600000000000093292 1.6092247700976065605
0.067000000000000933809 1.6113758900171128996
0.068000000000000934697 1.6135281787336985815
0.069000000000000935585 1.6156816362473636062
0.070000000000000936473 1.6178362625581077516
0.071000000000000937361 1.619992057665931684
0.072000000000000938249 1.6221490215708347371
0.073000000000000939138 1.624307154272816911
0.074000000000000940026 1.6264664557718788718
0.075000000000000940914 1.6286269260680199533
0.076000000000000941802 1.6307885651612403777
0.07700000000000094269 1.6329513730515403669
0.078000000000000943579 1.6351153497389194769
0.079000000000000944467 1.6372804952233779296
0.080000000000000945355 1.6394468095049159473
0.081000000000000946243 1.6416142925835330857
0.082000000000000947131 1.6437829444592297889
0.083000000000000948019 1.645952765132005835
0.084000000000000948908 1.6481237546018610018
0.085000000000000949796 1.6502959128687957335
0.086000000000000950684 1.652469239932809808
0.087000000000000951572 1.6546437357939032253
0.08800000000000095246 1.6568194004520759854
0.089000000000000953349 1.6589962339073280884
0.090000000000000954237 1.6611742361596595341
0.091000000000000955125 1.6633534072090703226
0.092000000000000956013 1.665533747055560454
0.093000000000000956901 1.6677152556991299281
0.094000000000000957789 1.6698979331397789672
0.095000000000000958678 1.6720817793775071269
0.096000000000000959566 1.6742667944123146295
0.097000000000000960454 1.676452978244201697
0.098000000000000961342 1.6786403308731681072
0.09900000000000096223 1.6808288522992136382
0.10000000000000096312 1.6830185425223387341
0.10100000000000096401 1.6852094015425431728
0.10200000000000096489 1.6874014293598267322
0.10300000000000096578 1.6895946259741900786
0.10400000000000096667 1.6917889913856323236
0.10500000000000096756 1.6939845255941541335
0.10600000000000096845 1.6961812285997552863
0.10700000000000096934 1.6983791004024357818
0.10800000000000097022 1.7005781410021956201
0.10900000000000097111 1.7027783503990350233
0.110000000000000972 1.7049797285929535473
0.11100000000000097289 1.7071822755839514141
0.11200000000000097378 1.7093859913720288457
0.11300000000000097466 1.7115908759571853981
0.11400000000000097555 1.7137969293394212933
0.11500000000000097644 1.7160041515187367533
0.11600000000000097733 1.7182125424951313342
0.11700000000000097822 1.7204221022686057019
0.11800000000000097911 1.7226328308391589683
0.11900000000000097999 1.7248447282067915776
0.12000000000000098088 1.7270577943715037517
0.12100000000000098177 1.7292720293332952686
0.12200000000000098266 1.7314874330921661283
0.12300000000000098355 1.7337040056481165529
0.12400000000000098443 1.7359217470011458762
0.12500000000000097145 1.7381406571512547643
0.12600000000000097233 1.7403607360984429953
0.12700000000000097322 1.7425819838427107911
0.12800000000000097411 1.7448044003840577076
0.129000000000000975 1.7470279857224841891
0.13000000000000097589 1.7492527398579897913
0.13100000000000097677 1.7514786627905747363
0.13200000000000097766 1.7537057545202390241
0.13300000000000097855 1.7559340150469828767
0.13400000000000097944 1.7581634443708060722
0.13500000000000098033 1.7603940424917086105
0.13600000000000098122 1.7626258094096902695
0.1370000000000009821 1.7648587451247514934
0.13800000000000098299 1.7670928496368918381
0.13900000000000098388 1.7693281229461119697
0.14000000000000098477 1.771564565052411222
0.14100000000000098566 1.7738021759557898172
0.14200000000000098654 1.7760409556562477551
0.14300000000000098743 1.7782809041537850359
0.14400000000000098832 1.7805220214484016594
0.14500000000000098921 1.7827643075400978478
0.1460000000000009901 1.785007762428873157
0.14700000000000099099 1.7872523861147280311
0.14800000000000099187 1.7894981785976620259
0.14900000000000099276 1.7917451398776753635
0.15000000000000099365 1.793993269954768266
0.15100000000000099454 1.7962425688289405112
0.15200000000000099543 1.7984930365001918773
0.15300000000000099631 1.8007446729685228082
0.1540000000000009972 1.8029974782339330819
0.15500000000000099809 1.8052514522964224764
0.15600000000000099898 1.8075065951559916577
0.15700000000000099987 1.8097629068126399599
0.15800000000000100076 1.8120203872663676048
0.15900000000000100164 1.8142790365171745925
0.16000000000000100253 1.8165388545650609231
0.16100000000000100342 1.8187998414100265965
0.16200000000000100431 1.8210619970520718347
0.1630000000000010052 1.8233253214911961937
0.16400000000000100608 1.8255898147274001175
0.16500000000000100697 1.8278554767606831621
0.16600000000000100786 1.8301223075910455496
0.16700000000000100875 1.8323903072184872798
0.16800000000000100964 1.8346594756430085749
0.16900000000000101052 1.8369298128646092128
0.17000000000000101141 1.8392013188832891935
0.1710000000000010123 1.841473993699048517
0.17200000000000101319 1.8437478373118869612
0.17300000000000101408 1.8460228497218049704
0.17400000000000101497 1.8482990309288023223
0.17500000000000101585 1.850576380932879017
0.17600000000000101674 1.8528548997340352766
0.17700000000000101763 1.855134587332270657
0.17800000000000101852 1.8574154437275851581
0.17900000000000101941 1.8596974689199794462
0.18000000000000102029 1.8619806629094528549
0.18100000000000102118 1.8642650256960056065
0.18200000000000102207 1.866550557279638145
0.18300000000000102296 1.8688372576603495823
0.18400000000000102385 1.8711251268381403623
0.18500000000000102474 1.8734141648130107072
0.18600000000000102562 1.8757043715849603949
0.18700000000000102651 1.8779957471539894254
0.1880000000000010274 1.8802882915200975766
0.18900000000000102829 1.8825820046832852928
0.19000000000000102918 1.8848768866435521296
0.19100000000000103006 1.8871729374008987534
0.19200000000000103095 1.889470156955324498
0.19300000000000103184 1.8917685453068295853
0.19400000000000103273 1.8940681024554140155
0.19500000000000103362 1.8963688284010777885
0.19600000000000103451 1.8986707231438209043
0.19700000000000103539 1.9009737866836435849
0.19800000000000103628 1.9032780190205453863
0.19900000000000103717 1.9055834201545267526
0.20000000000000103806 1.9078899900855872396
0.20100000000000103895 1.9101977288137270694
0.20200000000000103983 1.9125066363389464641
0.20300000000000104072 1.9148167126612452016
0.20400000000000104161 1.9171279577806230598
0.2050000000000010425 1.919440371697080705
0.20600000000000104339 1.9217539544106172489
0.20700000000000104428 1.9240687059212333576
0.20800000000000104516 1.9263846262289290312
0.20900000000000104605 1.9287017153337036035
0.21000000000000104694 1.9310199732355577407
0.21100000000000104783 1.9333393999344914427
0.21200000000000104872 1.9356599954305042655
0.2130000000000010496 1.937981759723596431
0.21400000000000105049 1.9403046928137679394
0.21500000000000105138 1.9426287947010190127
0.21600000000000105227 1.9449540653853494288
0.21700000000000105316 1.9472805048667589656
0.21800000000000105405 1.9496081131452478452
0.21900000000000105493 1.9519368902208160677
0.22000000000000105582 1.954266836093463855
0.22100000000000105671 1.9565979507631909851
0.2220000000000010576 1.958930234229997458
0.22300000000000105849 1.9612636864938832737
0.22400000000000105937 1.9635983075548482102
0.22500000000000106026 1.9659340974128927115
0.22600000000000106115 1.9682710560680167777
0.22700000000000106204 1.9706091835202197426
0.22800000000000106293 1.9729484797695024945
0.22900000000000106382 1.975288944815864367
0.2300000000000010647 1.9776305786593055824
0.23100000000000106559 1.9799733812998261406
0.23200000000000106648 1.9823173527374262637
0.23300000000000106737 1.9846624929721055075
0.23400000000000106826 1.9870088020038643162
0.23500000000000106914 1.9893562798327022456
0.23600000000000107003 1.9917049264586195179
0.23700000000000107092 1.994054741881616577
0.23800000000000107181 1.9964057261016925349
0.2390000000000010727 1.9987578791188480576
0.24000000000000107359 2.0011112009330829231
0.24100000000000107447 2.0034656915443971315
0.24200000000000107536 2.0058213509527904606
0.24300000000000107625 2.0081781791582633545
0.24400000000000107714 2.0105361761608158133
0.24500000000000107803 2.0128953419604473929
0.24600000000000107891 2.0152556765571585373
0.2470000000000010798 2.0176171799509488025
0.24800000000000108069 2.0199798521418181885
0.24900000000000108158 2.0223436931297675834
0.25000000000000105471 2.0247087029147956549
0.2510000000000010556 2.0270748814969032914
0.25200000000000105649 2.0294422288760904927
0.25300000000000105738 2.0318107450523568147
0.25400000000000105826 2.0341804300257027016
0.25500000000000105915 2.0365512837961277093
0.25600000000000106004 2.0389233063636322818
0.25700000000000106093 2.0412964977282164192
0.25800000000000106182 2.0436708578898796773
0.25900000000000106271 2.0460463868486220562
0.26000000000000106359 2.048423084604444
0.26100000000000106448 2.0508009511573450645
0.26200000000000106537 2.053179986507326138
0.26300000000000106626 2.0555601906543863322
0.26400000000000106715 2.0579415635985256472
0.26500000000000106803 2.060324105339744083
0.26600000000000106892 2.0627078158780420836
0.26700000000000106981 2.065092695213419649
0.2680000000000010707 2.0674787433458763353
0.26900000000000107159 2.0698659602754125864
0.27000000000000107248 2.0722543460020279582
0.27100000000000107336 2.0746439005257228949
0.27200000000000107425 2.0770346238464969524
0.27300000000000107514 2.0794265159643505747
0.27400000000000107603 2.0818195768792837619
0.27500000000000107692 2.0842138065912960698
0.2760000000000010778 2.0866092051003874985
0.27700000000000107869 2.0890057724065584921
0.27800000000000107958 2.0914035085098086064
0.27900000000000108047 2.0938024134101387297
0.28000000000000108136 2.0962024871075475296
0.28100000000000108225 2.0986037296020363385
0.28200000000000108313 2.1010061408936038241
0.28300000000000108402 2.1034097209822508745
0.28400000000000108491 2.1058144698679774898
0.2850000000000010858 2.1082203875507832258
0.28600000000000108669 2.1106274740306685267
0.28700000000000108757 2.1130357293076329483
0.28800000000000108846 2.1154451533816769349
0.28900000000000108935 2.1178557462528000421
0.29000000000000109024 2.1202675079210027143
0.29100000000000109113 2.1226804383862849512
0.29200000000000109202 2.125094537648646309
0.2930000000000010929 2.1275098057080867875
0.29400000000000109379 2.1299262425646068309
0.29500000000000109468 2.132343848218205995
0.29600000000000109557 2.134762622668884724
0.29700000000000109646 2.1371825659166430178
0.29800000000000109734 2.1396036779614808765
0.29900000000000109823 2.1420259588033974119
0.30000000000000109912 2.1444494084423935121
0.30100000000000110001 2.1468740268784687331
0.3020000000000011009 2.149299814111623963
0.30300000000000110179 2.1517267701418583137
0.30400000000000110267 2.1541548949691717851
0.30500000000000110356 2.1565841885935648214
0.30600000000000110445 2.1590146510150369785
0.30700000000000110534 2.1614462822335887004
0.30800000000000110623 2.1638790822492199872
0.30900000000000110711 2.1663130510619299507
0.310000000000001108 2.1687481886717199231
0.31100000000000110889 2.1711844950785890163
0.31200000000000110978 2.1736219702825372302
0.31300000000000111067 2.176060614283565009
0.31400000000000111156 2.1785004270816719085
0.31500000000000111244 2.180941408676858817
0.31600000000000111333 2.1833835590691248463
0.31700000000000111422 2.1858268782584699963
0.31800000000000111511 2.1882713662448942671
0.319000000000001116 2.1907170230283981027
0.32000000000000111688 2.1931638486089819473
0.32100000000000111777 2.1956118429866444686
0.32200000000000111866 2.1980610061613865547
0.32300000000000111955 2.2005113381332077616
0.32400000000000112044 2.2029628389021085333
0.32500000000000112133 2.2054155084680884258
0.32600000000000112221 2.207869346831147439
0.3270000000000011231 2.2103243539912869053
0.32800000000000112399 2.2127805299485050483
0.32900000000000112488 2.215237874702802312
0.33000000000000112577 2.2176963882541791406
0.33100000000000112665 2.22015607060263509
0.33200000000000112754 2.2226169217481710483
0.33300000000000112843 2.2250789416907861273
0.33400000000000112932 2.2275421304304803272
0.33500000000000113021 2.2300064879672536478
0.3360000000000011311 2.2324720143011065332
0.33700000000000113198 2.2349387094320394276
0.33800000000000113287 2.2374065733600505546
0.33900000000000113376 2.2398756060851416905
0.34000000000000113465 2.2423458076073123912
0.34100000000000113554 2.2448171779265617687
0.34200000000000113642 2.2472897170428911551
0.34300000000000113731 2.2497634249562992181
0.3440000000000011382 2.2522383016667877342
0.34500000000000113909 2.2547143471743544829
0.34600000000000113998 2.2571915614790012405
0.34700000000000114087 2.2596699445807271189
0.34800000000000114175 2.2621494964795321181
0.34900000000000114264 2.2646302171754171262
0.35000000000000114353 2.267112106668380811
0.35100000000000114442 2.2695951649584240606
0.35200000000000114531 2.2720793920455468751
0.35300000000000114619 2.2745647879297488103
0.35400000000000114708 2.2770513526110298663
0.35500000000000114797 2.2795390860893904872
0.35600000000000114886 2.282027988364831117
0.35700000000000114975 2.2845180594373504235
0.35800000000000115064 2.2870092993069492948
0.35900000000000115152 2.2895017079736272869
0.36000000000000115241 2.2919952854373848439
0.3610000000000011533 2.2944900316982219657
0.36200000000000115419 2.2969859467561382083
0.36300000000000115508 2.2994830306111335716
0.36400000000000115596 2.3019812832632084998
0.36500000000000115685 2.3044807047123629928
0.36600000000000115774 2.3069812949585966066
0.36700000000000115863 2.3094830540019093412
0.36800000000000115952 2.3119859818423020847
0.36900000000000116041 2.3144900784797735049
0.37000000000000116129 2.31699534391432449
0.37100000000000116218 2.3195017781459550399
0.37200000000000116307 2.3220093811746647106
0.37300000000000116396 2.3245181530004543902
0.37400000000000116485 2.3270280936233227465
0.37500000000000116573 2.3295392030432706676
0.37600000000000116662 2.3320514812602977095
0.37700000000000116751 2.3345649282744043163
0.3780000000000011684 2.3370795440855904879
0.37900000000000116929 2.3395953286938557802
0.38000000000000117018 2.3421122820992001934
0.38100000000000117106 2.3446304043016241714
0.38200000000000117195 2.3471496953011272701
0.38300000000000117284 2.3496701550977099338
0.38400000000000117373 2.3521917836913721622
0.38500000000000117462 2.3547145810821135115
0.3860000000000011755 2.3572385472699344255
0.38700000000000117639 2.3597636822548344604
0.38800000000000117728 2.3622899860368140601
0.38900000000000117817 2.3648174586158727806
0.39000000000000117906 2.3673460999920110659
0.39100000000000117995 2.369875910165228472
0.39200000000000118083 2.3724068891355254429
0.39300000000000118172 2.3749390369029015346
0.39400000000000118261 2.3774723534673571912
0.3950000000000011835 2.3800068388288924126
0.39600000000000118439 2.3825424929875063107
0.39700000000000118527 2.3850793159432002177
0.39800000000000118616 2.3876173076959732455
0.39900000000000118705 2.3901564682458258382
0.40000000000000118794 2.3926967975927575516
0.40100000000000118883 2.3952382957367683858
0.40200000000000118971 2.3977809626778592289
0.4030000000000011906 2.4003247984160291928
0.40400000000000119149 2.4028698029512782774
0.40500000000000119238 2.4054159762836064829
0.40600000000000119327 2.4079633184130142531
0.40700000000000119416 2.4105118293395020324
0.40800000000000119504 2.4130615090630680442
0.40900000000000119593 2.415612357583714509
0.41000000000000119682 2.4181643749014396505
0.41100000000000119771 2.4207175610162443569
0.4120000000000011986 2.423271915928128184
0.41300000000000119948 2.425827439637091576
0.41400000000000120037 2.4283841321431345328
0.41500000000000120126 2.4309419934462566104
0.41600000000000120215 2.4335010235464578088
0.41700000000000120304 2.436061222443738572
0.41800000000000120393 2.4386225901380989001
0.41900000000000120481 2.441185126629538793
0.4200000000000012057 2.4437488319180573626
0.42100000000000120659 2.4463137060036554971
0.42200000000000120748 2.4488797488863331964
0.42300000000000120837 2.4514469605660900164
0.42400000000000120925 2.4540153410429264014
0.42500000000000121014 2.456584890316841463
0.42600000000000121103 2.4591556083878369776
0.42700000000000121192 2.4617274952559111689
0.42800000000000121281 2.4643005509210649251
0.4290000000000012137 2.466874775383297802
0.43000000000000121458 2.4694501686426102438
0.43100000000000121547 2.4720267306990022504
0.43200000000000121636 2.4746044615524733778
0.43300000000000121725 2.4771833612030240701
0.43400000000000121814 2.479763429650653439
0.43500000000000121902 2.4823446668953628169
0.43600000000000121991 2.4849270729371517596
0.4370000000000012208 2.487510647776018935
0.43800000000000122169 2.4900953914119665633
0.43900000000000122258 2.4926813038449933124
0.44000000000000122347 2.4952683850750991823
0.44100000000000122435 2.497856635102284617
0.44200000000000122524 2.5004460539265491725
0.44300000000000122613 2.5030366415478932929
0.44400000000000122702 2.5056283979663169781
0.44500000000000122791 2.50822132318181934
0.44600000000000122879 2.5108154171944017108
0.44700000000000122968 2.5134106800040627583
0.44800000000000123057 2.5160071116108042588
0.44900000000000123146 2.518604712014624436
0.45000000000000123235 2.521203481215523734
0.45100000000000123324 2.5238034192135025968
0.45200000000000123412 2.5264045260085605804
0.45300000000000123501 2.5290068016006981289
0.4540000000000012359 2.5316102459899152421
0.45500000000000123679 2.5342148591762119203
0.45600000000000123768 2.5368206411595872751
0.45700000000000123856 2.5394275919400421948
0.45800000000000123945 2.5420357115175766793
0.45900000000000124034 2.5446449998921902846
0.46000000000000124123 2.5472554570638838989
0.46100000000000124212 2.5498670830326561898
0.46200000000000124301 2.5524798777985080456
0.46300000000000124389 2.5550938413614390221
0.46400000000000124478 2.5577089737214495635
0.46500000000000124567 2.5603252748785396697
0.46600000000000124656 2.5629427448327084527
0.46700000000000124745 2.5655613835839572445
0.46800000000000124833 2.5681811911322851572
0.46900000000000124922 2.5708021674776926346
0.47000000000000125011 2.5734243126201787888
0.471000000000001251 2.5760476265597449519
0.47200000000000125189 2.5786721092963906798
0.47300000000000125278 2.5812977608301150845
0.47400000000000125366 2.583924581160919054
0.47500000000000125455 2.5865525702888025883
0.47600000000000125544 2.5891817282137652434
0.47700000000000125633 2.5918120549358079074
0.47800000000000125722 2.5944435504549292482
0.4790000000000012581 2.5970762147711301537
0.48000000000000125899 2.5997100478844101801
0.48100000000000125988 2.6023450497947697713
0.48200000000000126077 2.6049812205022084832
0.48300000000000126166 2.60761856000672676
0.48400000000000126255 2.6102570683083246017
0.48500000000000126343 2.6128967454070015641
0.48600000000000126432 2.6155375913027580914
0.48700000000000126521 2.6181796059955937395
0.4880000000000012661 2.6208227894855085083
0.48900000000000126699 2.623467141772503286
0.49000000000000126787 2.6261126628565767405
0.49100000000000126876 2.6287593527377302038
0.49200000000000126965 2.6314072114159623439
0.49300000000000127054 2.6340562388912740488
0.49400000000000127143 2.6367064351636657626
0.49500000000000127232 2.6393578002331357091
0.4960000000000012732 2.6420103340996861085
0.49700000000000127409 2.6446640367633151847
0.49800000000000127498 2.6473189082240238257
0.49900000000000127587 2.6499749484818120315
0.50000000000000122125 2.6526321575366789141
0.50100000000000122213 2.6552905353886258055
0.50200000000000122302 2.6579500820376513737
0.50300000000000122391 2.6606107974837573948
0.5040000000000012248 2.6632726817269420927
0.50500000000000122569 2.6659357347672059113
0.50600000000000122657 2.6685999566045492948
0.50700000000000122746 2.6712653472389722431
0.50800000000000122835 2.6739319066704747563
0.50900000000000122924 2.6765996348990559461
0.51000000000000123013 2.6792685319247171449
0.51100000000000123102 2.6819385977474570204
0.5120000000000012319 2.6846098323672764607
0.51300000000000123279 2.68728223578417591
0.51400000000000123368 2.6899558079981535919
0.51500000000000123457 2.6926305490092117267
0.51600000000000123546 2.6953064588173485383
0.51700000000000123634 2.6979835374225649147
0.51800000000000123723 2.7006617848248613001
0.51900000000000123812 2.7033412010242354739
0.52000000000000123901 2.7060217860206905449
0.5210000000000012399 2.7087035398142242926
0.52200000000000124079 2.711386462404837161
0.52300000000000124167 2.7140705537925295943
0.52400000000000124256 2.7167558139773015924
0.52500000000000124345 2.7194422429591531554
0.52600000000000124434 2.7221298407380829509
0.52700000000000124523 2.7248186073140931995
0.52800000000000124611 2.7275085426871825689
0.529000000000001247 2.730199646857351059
0.53000000000000124789 2.7328919198245995581
0.53100000000000124878 2.7355853615889262898
0.53200000000000124967 2.7382799721503334744
0.53300000000000125056 2.7409757515088193358
0.53400000000000125144 2.743672699664384762
0.53500000000000125233 2.746370816617029309
0.53600000000000125322 2.7490701023667534209
0.53700000000000125411 2.7517705569135575416
0.538000000000001255 2.754472180257439895
0.53900000000000125588 2.7571749723984022573
0.54000000000000125677 2.7598789333364437404
0.54100000000000125766 2.7625840630715647883
0.54200000000000125855 2.7652903616037654011
0.54300000000000125944 2.7679978289330442465
0.54400000000000126033 2.7707064650594035449
0.54500000000000126121 2.773416269982841964
0.5460000000000012621 2.776127243703359504
0.54700000000000126299 2.7788393862209570528
0.54800000000000126388 2.7815526975356328343
0.54900000000000126477 2.7842671776473890688
0.55000000000000126565 2.78698282655622398
0.55100000000000126654 2.789699644262138456
0.55200000000000126743 2.7924176307651320528
0.55300000000000126832 2.7951367860652052144
0.55400000000000126921 2.797857110162358385
0.5550000000000012701 2.8005786030565897882
0.55600000000000127098 2.8033012647479012003
0.55700000000000127187 2.8060250952362917332
0.55800000000000127276 2.8087500945217618309
0.55900000000000127365 2.8114762626043114935
0.56000000000000127454 2.8142035994839393886
0.56100000000000127542 2.8169321051606477369
0.56200000000000127631 2.8196617796344352058
0.5630000000000012772 2.8223926229053017956
0.56400000000000127809 2.8251246349732479501
0.56500000000000127898 2.8278578158382732255
0.56600000000000127987 2.8305921655003785098
0.56700000000000128075 2.8333276839595620267
0.56800000000000128164 2.8360643712158259966
0.56900000000000128253 2.8388022272691686432
0.57000000000000128342 2.8415412521195908546
0.57100000000000128431 2.844281445767093075
0.57200000000000128519 2.847022808211673528
0.57300000000000128608 2.8497653394533339899
0.57400000000000128697 2.8525090394920735726
0.57500000000000128786 2.855253908327892276
0.57600000000000128875 2.8579999459607909884
0.57700000000000128964 2.8607471523907683775
0.57800000000000129052 2.8634955276178257755
0.57900000000000129141 2.8662450716419622943
0.5800000000000012923 2.8689957844631779338
0.58100000000000129319 2.8717476660814731382
0.58200000000000129408 2.8745007164968474633
0.58300000000000129496 2.8772549357093017974
0.58400000000000129585 2.8800103237188343641
0.58500000000000129674 2.8827668805254473838
0.58600000000000129763 2.8855246061291390802
0.58700000000000129852 2.8882835005299103415
0.58800000000000129941 2.8910435637277611676
0.58900000000000130029 2.8938047957226906703
0.59000000000000130118 2.8965671965147006262
0.59100000000000130207 2.8993307661037892586
0.59200000000000130296 2.9020955044899570119
0.59300000000000130385 2.90486141167320433
0.59400000000000130473 2.9076284876535312129
0.59500000000000130562 2.9103967324309376608
0.59600000000000130651 2.9131661460054223411
0.5970000000000013074 2.9159367283769879187
0.59800000000000130829 2.9187084795456317288
0.59900000000000130917 2.9214813995113555478
0.60000000000000131006 2.9242554882741584876
0.60100000000000131095 2.9270307458340405482
0.60200000000000131184 2.9298071721910021736
0.60300000000000131273 2.9325847673450433639
0.60400000000000131362 2.935363531296163675
0.6050000000000013145 2.9381434640443635509
0.60600000000000131539 2.9409245655896421034
0.60700000000000131628 2.943706835932000665
0.60800000000000131717 2.9464902750714383473
0.60900000000000131806 2.9492748830079555944
0.61000000000000131894 2.9520606597415519623
0.61100000000000131983 2.9548476052722278951
0.61200000000000132072 2.9576357195999833927
0.61300000000000132161 2.9604250027248171229
0.6140000000000013225 2.9632154546467313061
0.61500000000000132339 2.9660070753657246101
0.61600000000000132427 2.9687998648817970349
0.61700000000000132516 2.9715938231949494686
0.61800000000000132605 2.9743889503051801348
0.61900000000000132694 2.9771852462124912542
0.62000000000000132783 2.9799827109168810502
0.62100000000000132871 2.982781344418350411
0.6220000000000013296 2.9855811467168993367
0.62300000000000133049 2.9883821178125273832
0.62400000000000133138 2.9911842577052349945
0.62500000000000133227 2.9939875663950212825
0.62600000000000133316 2.9967920438818880235
0.62700000000000133404 2.9995976901658334413
0.62800000000000133493 3.0024045052468579797
0.62900000000000133582 3.0052124891249625271
0.63000000000000133671 3.0080216418001457512
0.6310000000000013376 3.0108319632724089843
0.63200000000000133848 3.0136434535417513381
0.63300000000000133937 3.0164561126081728126
0.63400000000000134026 3.0192699404716742961
0.63500000000000134115 3.0220849371322540122
0.63600000000000134204 3.0249011025899141814
0.63700000000000134293 3.0277184368446530272
0.63800000000000134381 3.0305369398964714378
0.6390000000000013447 3.0333566117453689692
0.64000000000000134559 3.0361774523913460655
0.64100000000000134648 3.0389994618344031707
0.64200000000000134737 3.0418226400745385085
0.64300000000000134825 3.0446469871117538553
0.64400000000000134914 3.0474725029460483228
0.64500000000000135003 3.0502991875774223551
0.64600000000000135092 3.0531270410058759524
0.64700000000000135181 3.0559560632314077822
0.6480000000000013527 3.0587862542540205091
0.64900000000000135358 3.0616176140737114686
0.65000000000000135447 3.064450142690482437
0.65100000000000135536 3.0672838401043320822
0.65200000000000135625 3.0701187063152612922
0.65300000000000135714 3.0729547413232705111
0.65400000000000135802 3.0757919451283584067
0.65500000000000135891 3.0786303177305258671
0.6560000000000013598 3.0814698591297728925
0.65700000000000136069 3.0843105693260990385
0.65800000000000136158 3.0871524483195047495
0.65900000000000136247 3.0899954961099891371
0.66000000000000136335 3.0928397126975539777
0.66100000000000136424 3.095685098082197495
0.66200000000000136513 3.0985316522639201331
0.66300000000000136602 3.1013793752427227801
0.66400000000000136691 3.1042282670186041038
0.66500000000000136779 3.1070783275915654364
0.66600000000000136868 3.1099295569616058899
0.66700000000000136957 3.112781955128725464
0.66800000000000137046 3.115635522092924603
0.66900000000000137135 3.1184902578542028628
0.67000000000000137224 3.1213461624125611316
0.67100000000000137312 3.1242032357679976329
0.67200000000000137401 3.1270614779205145872
0.6730000000000013749 3.1299208888701102182
0.67400000000000137579 3.1327814686167854141
0.67500000000000137668 3.1356432171605406189
0.67600000000000137756 3.1385061345013740564
0.67700000000000137845 3.1413702206392875027
0.67800000000000137934 3.1442354755742800698
0.67900000000000138023 3.1471018993063522018
0.68000000000000138112 3.1499694918355034545
0.68100000000000138201 3.152838253161733828
0.68200000000000138289 3.1557081832850446546
0.68300000000000138378 3.1585792822054332696
0.68400000000000138467 3.1614515499229023376
0.68500000000000138556 3.1643249864374505265
0.68600000000000138645 3.1671995917490778361
0.68700000000000138733 3.1700753658577851546
0.68800000000000138822 3.1729523087635707057
0.68900000000000138911 3.1758304204664367099
0.69000000000000139 3.1787097009663818348
0.69100000000000139089 3.1815901502634060805
0.69200000000000139178 3.184471768357509891
0.69300000000000139266 3.1873545552486923782
0.69400000000000139355 3.1902385109369548744
0.69500000000000139444 3.1931236354222969354
0.69600000000000139533 3.196009928704717673
0.69700000000000139622 3.1988973907842179756
0.6980000000000013971 3.201786021660797843
0.69900000000000139799 3.2046758213344572752
0.70000000000000139888 3.2075667898051953841
0.70100000000000139977 3.210458927073013502
0.70200000000000140066 3.2133522331379102965
0.70300000000000140155 3.2162467079998871
0.70400000000000140243 3.2191423516589434684
0.70500000000000140332 3.2220391641150780693
0.70600000000000140421 3.2249371453682931232
0.7070000000000014051 3.2278362954185868539
0.70800000000000140599 3.2307366142659601493
0.70900000000000140687 3.2336381019104125656
0.71000000000000140776 3.2365407583519445467
0.71100000000000140865 3.2394445835905565367
0.71200000000000140954 3.2423495776262467594
0.71300000000000141043 3.2452557404590169909
0.71400000000000141132 3.2481630720888663433
0.7150000000000014122 3.2510715725157952605
0.71600000000000141309 3.2539812417398037425
0.71700000000000141398 3.2568920797608909012
0.71800000000000141487 3.2598040865790580689
0.71900000000000141576 3.2627172621943043573
0.72000000000000141664 3.2656316066066297665
0.72100000000000141753 3.2685471198160347406
0.72200000000000141842 3.2714638018225188354
0.72300000000000141931 3.2743816526260829392
0.7240000000000014202 3.2773006722267257196
0.72500000000000142109 3.2802208606244480649
0.72600000000000142197 3.283142217819249975
0.72700000000000142286 3.2860647438111305618
0.72800000000000142375 3.2889884386000916017
0.72900000000000142464 3.2919133021861308741
0.73000000000000142553 3.2948393345692501555
0.73100000000000142641 3.2977665357494490017
0.7320000000000014273 3.3006949057267265246
0.73300000000000142819 3.3036244445010840565
0.73400000000000142908 3.306555152072520265
0.73500000000000142997 3.3094870284410364825
0.73600000000000143086 3.3124200736066318207
0.73700000000000143174 3.3153542875693062797
0.73800000000000143263 3.3182896703290603035
0.73900000000000143352 3.3212262218858934482
0.74000000000000143441 3.3241639422398066017
0.7410000000000014353 3.3271028313907979879
0.74200000000000143618 3.330042889338869827
0.74300000000000143707 3.332984116084020787
0.74400000000000143796 3.3359265116262508677
0.74500000000000143885 3.3388700759655605133
0.74600000000000143974 3.3418148091019488355
0.74700000000000144063 3.3447607110354176108
0.74800000000000144151 3.3477077817659650627
0.7490000000000014424 3.3506560212935916354
0.75000000000000144329 3.3536054296182982171
0.75100000000000144418 3.3565560067400834754
0.75200000000000144507 3.3595077526589491868
0.75300000000000144595 3.3624606673748931307
0.75400000000000144684 3.3654147508879166395
0.75500000000000144773 3.3683700031980197132
0.75600000000000144862 3.3713264243052019076
0.75700000000000144951 3.3742840142094641109
0.7580000000000014504 3.377242772910804991
0.75900000000000145128 3.3802027004092254359
0.76000000000000145217 3.3831637967047254456
0.76100000000000145306 3.3861260617973045761
0.76200000000000145395 3.3890894956869632715
0.76300000000000145484 3.3920540983737006435
0.76400000000000145572 3.3950198698575184686
0.76500000000000145661 3.3979868101384149703
0.7660000000000014575 3.4009549192163910369
0.76700000000000145839 3.4039241970914462243
0.76800000000000145928 3.4068946437635805324
0.76900000000000146017 3.4098662592327952936
0.77000000000000146105 3.4128390434990878433
0.77100000000000146194 3.415812996562460846
0.77200000000000146283 3.4187881184229129694
0.77300000000000146372 3.4217644090804446577
0.77400000000000146461 3.4247418685350554668
0.77500000000000146549 3.4277204967867453966
0.77600000000000146638 3.4307002938355153354
0.77700000000000146727 3.4336812596813639509
0.77800000000000146816 3.4366633943242921312
0.77900000000000146905 3.4396466977642994323
0.78000000000000146994 3.4426311700013862982
0.78100000000000147082 3.4456168110355531731
0.78200000000000147171 3.4486036208667982805
0.7830000000000014726 3.451591599495123841
0.78400000000000147349 3.4545807469205280782
0.78500000000000147438 3.4575710631430114361
0.78600000000000147526 3.4605625481625752471
0.78700000000000147615 3.4635552019792168466
0.78800000000000147704 3.466549024592938899
0.78900000000000147793 3.4695440160037400723
0.79000000000000147882 3.4725401762116208104
0.79100000000000147971 3.4755375052165806693
0.79200000000000148059 3.4785360030186196489
0.79300000000000148148 3.4815356696177381934
0.79400000000000148237 3.4845365050139363028
0.79500000000000148326 3.4875385092072135329
0.79600000000000148415 3.4905416821975698838
0.79700000000000148503 3.4935460239850057995
0.79800000000000148592 3.4965515345695217242
0.79900000000000148681 3.4995582139511158815
0.8000000000000014877 3.5025660621297900477
0.80100000000000148859 3.5055750791055437787
0.80200000000000148948 3.5085852648783761865
0.80300000000000149036 3.5115966194482890472
0.80400000000000149125 3.5146091428152796965
0.80500000000000149214 3.5176228349793507988
0.80600000000000149303 3.5206376959405010219
0.80700000000000149392 3.5236537256987308098
0.8080000000000014948 3.5266709242540392744
0.80900000000000149569 3.5296892916064277479
0.81000000000000149658 3.5327088277558957863
0.81100000000000149747 3.5357295327024420573
0.81200000000000149836 3.5387514064460687813
0.81300000000000149925 3.5417744489867741819
0.81400000000000150013 3.5447986603245591475
0.81500000000000150102 3.547824040459424122
0.81600000000000150191 3.550850589391367329
0.8170000000000015028 3.553878307120390545
0.81800000000000150369 3.5569071936464933259
0.81900000000000150457 3.5599372489696747834
0.82000000000000150546 3.5629684730899362499
0.82100000000000150635 3.5660008660072763931
0.82200000000000150724 3.5690344277216965452
0.82300000000000150813 3.572069158233195818
0.82400000000000150902 3.5751050575417742117
0.8250000000000015099 3.5781421256474321702
0.82600000000000151079 3.5811803625501696935
0.82700000000000151168 3.5842197682499863376
0.82800000000000151257 3.5872603427468821025
0.82900000000000151346 3.5903020860408578763
0.83000000000000151434 3.5933449981319123268
0.83100000000000151523 3.5963890790200463421
0.83200000000000151612 3.5994343287052603664
0.83300000000000151701 3.6024807471875526232
0.8340000000000015179 3.6055283344669248891
0.83500000000000151879 3.6085770905433762756
0.83600000000000151967 3.6116270154169072271
0.83700000000000152056 3.6146781090875172993
0.83800000000000152145 3.6177303715552069363
0.83900000000000152234 3.6207838028199761382
0.84000000000000152323 3.6238384028818240168
0.84100000000000152411 3.6268941717407519043
0.842000000000001525 3.6299511093967589126
0.84300000000000152589 3.6330092158498450416
0.84400000000000152678 3.6360684911000111796
0.84500000000000152767 3.6391289351472559943
0.84600000000000152856 3.6421905479915803738
0.84700000000000152944 3.6452533296329843182
0.84800000000000153033 3.6483172800714673834
0.84900000000000153122 3.6513823993070300133
0.85000000000000153211 3.6544486873396717641
0.851000000000001533 3.6575161441693930797
0.85200000000000153388 3.6605847697961935161
0.85300000000000153477 3.6636545642200735173
0.85400000000000153566 3.6667255274410326393
0.85500000000000153655 3.6697976594590713262
0.85600000000000153744 3.6728709602741895779
0.85700000000000153833 3.6759454298863865063
0.85800000000000153921 3.6790210682956634436
0.8590000000000015401 3.6820978755020195017
0.86000000000000154099 3.6851758515054546805
0.86100000000000154188 3.6882549963059698683
0.86200000000000154277 3.6913353099035632887
0.86300000000000154365 3.6944167922982371621
0.86400000000000154454 3.6974994434899901563
0.86500000000000154543 3.7005832634788222713
0.86600000000000154632 3.703668252264733507
0.86700000000000154721 3.7067544098477243075
0.86800000000000154809 3.709841736227795117
0.86900000000000154898 3.7129302314049441591
0.87000000000000154987 3.7160198953791736542
0.87100000000000155076 3.719110728150481826
0.87200000000000155165 3.7222027297188691186
0.87300000000000155254 3.7252959000843368642
0.87400000000000155342 3.7283902392468823983
0.87500000000000155431 3.7314857472065083854
0.8760000000000015552 3.7345824239632134933
0.87700000000000155609 3.7376802695169981661
0.87800000000000155698 3.7407792838678624037
0.87900000000000155786 3.7438794670158048739
0.88000000000000155875 3.7469808189608277971
0.88100000000000155964 3.750083339702929397
0.88200000000000156053 3.7531870292421105617
0.88300000000000156142 3.7562918875783712913
0.88400000000000156231 3.7593979147117111417
0.88500000000000156319 3.7625051106421305569
0.88600000000000156408 3.7656134753696290929
0.88700000000000156497 3.7687230088942071937
0.88800000000000156586 3.7718337112158644153
0.88900000000000156675 3.7749455823346012018
0.89000000000000156763 3.7780586222504175531
0.89100000000000156852 3.7811728309633125811
0.89200000000000156941 3.784288208473287618
0.8930000000000015703 3.7874047547803417757
0.89400000000000157119 3.7905224698844750542
0.89500000000000157208 3.7936413537856878975
0.89600000000000157296 3.7967614064839803056
0.89700000000000157385 3.7998826279793522787
0.89800000000000157474 3.8030050182718024843
0.89900000000000157563 3.8061285773613331429
0.90000000000000157652 3.8092533052479424782
0.9010000000000015774 3.8123792019316313784
0.90200000000000157829 3.8155062674124002875
0.90300000000000157918 3.8186345016902474292
0.90400000000000158007 3.8217639047651750239
0.90500000000000158096 3.8248944766371812953
0.90600000000000158185 3.8280262173062671316
0.90700000000000158273 3.8311591267724325327
0.90800000000000158362 3.8342932050356761664
0.90900000000000158451 3.8374284520960006972
0.9100000000000015854 3.8405648679534039047
0.91100000000000158629 3.843702452607886233
0.91200000000000158717 3.8468412060594481261
0.91300000000000158806 3.84998112830808914
0.91400000000000158895 3.8531222193538101628
0.91500000000000158984 3.8562644791966098623
0.91600000000000159073 3.8594079078364895707
0.91700000000000159162 3.8625525052734479559
0.9180000000000015925 3.8656982715074859058
0.91900000000000159339 3.8688452065386034207
0.92000000000000159428 3.8719933103668000562
0.92100000000000159517 3.8751425829920762567
0.92200000000000159606 3.8782930244144315779
0.92300000000000159694 3.881444634633866464
0.92400000000000159783 3.8845974136503804708
0.92500000000000159872 3.8877513614639740425
0.92600000000000159961 3.890906478074647179
0.9270000000000016005 3.8940627634823989922
0.92800000000000160139 3.8972202176872308144
0.92900000000000160227 3.9003788406891417573
0.93000000000000160316 3.9035386324881322651
0.93100000000000160405 3.9066995930842018936
0.93200000000000160494 3.9098617224773506429
0.93300000000000160583 3.9130250206675794011
0.93400000000000160671 3.9161894876548872801
0.9350000000000016076 3.9193551234392742799
0.93600000000000160849 3.9225219280207408445
0.93700000000000160938 3.9256899013992860858
0.93800000000000161027 3.9288590435749117802
0.93900000000000161116 3.9320293545476161512
0.94000000000000161204 3.9352008343174000871
0.94100000000000161293 3.9383734828842631437
0.94200000000000161382 3.9415473002482057652
0.94300000000000161471 3.9447222864092279515
0.9440000000000016156 3.9478984413673288145
0.94500000000000161648 3.9510757651225096865
0.94600000000000161737 3.9542542576747692351
0.94700000000000161826 3.9574339190241087927
0.94800000000000161915 3.9606147491705279151
0.94900000000000162004 3.9637967481140252701
0.95000000000000162093 3.9669799158546030782
0.95100000000000162181 3.970164252392260007
0.9520000000000016227 3.9733497577269960566
0.95300000000000162359 3.9765364318588112269
0.95400000000000162448 3.9797242747877064062
0.95500000000000162537 3.9829132865136807062
0.95600000000000162625 3.986103467036733683
0.95700000000000162714 3.9892948163568671127
0.95800000000000162803 3.9924873344740792191
0.95900000000000162892 3.9956810213883708904
0.96000000000000162981 3.9988758770997421266
0.9610000000000016307 4.0020719016081915953
0.96200000000000163158 4.0052690949137224052
0.96300000000000163247 4.0084674570163310037
0.96400000000000163336 4.011666987916019167
0.96500000000000163425 4.0148676876127877833
0.96600000000000163514 4.0180695561066341881
0.96700000000000163602 4.0212725933975610459
0.96800000000000163691 4.0244767994855665805
0.9690000000000016378 4.0276821743706516799
0.97000000000000163869 4.0308887180528163441
0.97100000000000163958 4.034096430532059685
0.97200000000000164047 4.0373053118083834789
0.97300000000000164135 4.0405153618817859495
0.97400000000000164224 4.043726580752267985
0.97500000000000164313 4.0469389684198286972
0.97600000000000164402 4.0501525248844698623
0.97700000000000164491 4.0533672501461905924
0.97800000000000164579 4.0565831442049891109
0.97900000000000164668 4.0598002070608680825
0.98000000000000164757 4.0630184387138257307
0.98100000000000164846 4.066237839163863832
0.98200000000000164935 4.0694584084109806099
0.98300000000000165024 4.0726801464551769527
0.98400000000000165112 4.0759030532964519722
0.98500000000000165201 4.0791271289348065565
0.9860000000000016529 4.0823523733702415939
0.98700000000000165379 4.0855787866027553079
0.98800000000000165468 4.0888063686323476986
0.98900000000000165556 4.0920351194590205424
0.99000000000000165645 4.0952650390827711746
0.99100000000000165734 4.0984961275036031481
0.99200000000000165823 4.10172838472151291
0.99300000000000165912 4.104961810736503125
0.99400000000000166001 4.1081964055485720166
0.99500000000000166089 4.1114321691577204732
0.99600000000000166178 4.1146691015639484945
0.99700000000000166267 4.1179072027672551926
0.99800000000000166356 4.1211464727676414554
0.99900000000000166445 4.1243869115651081714
