x y
-1 1.9658826967742666358
-0.99899999999999999911 1.963811191612240048
-0.99799999999999999822 1.9617417589916463783
-0.99699999999999999734 1.9596743989124858487
-0.99599999999999999645 1.9576091113747575712
-0.99499999999999999556 1.9555458963784624338
-0.99399999999999999467 1.9534847539235995484
-0.99299999999999999378 1.9514256840101698032
-0.99199999999999999289 1.94936868663817231
-0.99099999999999999201 1.947313761807608179
-0.98999999999999999112 1.9452609095184760779
-0.98899999999999999023 1.9432101297707773391
-0.98799999999999998934 1.9411614225645110743
-0.98699999999999998845 1.9391147878996777276
-0.98599999999999998757 1.937070225776277077
-0.98499999999999998668 1.9350277361943091226
-0.98399999999999998579 1.9329873191537738641
-0.9829999999999999849 1.9309489746546713018
-0.98199999999999998401 1.9289127026970014356
-0.98099999999999998312 1.9268785032807642654
-0.97999999999999998224 1.9248463764059604575
-0.97899999999999998135 1.9228163220725886795
-0.97799999999999998046 1.9207883402806502637
-0.97699999999999997957 1.9187624310301441
-0.97599999999999997868 1.9167385943210704102
-0.9749999999999999778 1.9147168301534300827
-0.97399999999999997691 1.9126971385272220072
-0.97299999999999997602 1.9106795194424470719
-0.97199999999999997513 1.9086639728991048326
-0.97099999999999997424 1.9066504988971952894
-0.96999999999999997335 1.9046390974367186644
-0.96899999999999997247 1.9026297685176742913
-0.96799999999999997158 1.9006225121400630584
-0.96699999999999997069 1.8986173283038842996
-0.9659999999999999698 1.8966142170091384589
-0.96499999999999996891 1.8946131782558255363
-0.96399999999999996803 1.8926142120439450878
-0.96299999999999996714 1.8906173183734973353
-0.96199999999999996625 1.888622497244482723
-0.96099999999999996536 1.8866297486569003627
-0.95999999999999996447 1.8846390726107506985
-0.95899999999999996358 1.8826504691060343966
-0.9579999999999999627 1.8806639381427501245
-0.95699999999999996181 1.8786794797208992147
-0.95599999999999996092 1.8766970938404807789
-0.95499999999999996003 1.8747167805014948172
-0.95399999999999995914 1.8727385397039419956
-0.95299999999999995826 1.8707623714478218702
-0.95199999999999995737 1.8687882757331344408
-0.95099999999999995648 1.8668162525598797075
-0.94999999999999995559 1.8648463019280576702
-0.9489999999999999547 1.8628784238376683291
-0.94799999999999995381 1.8609126182887119061
-0.94699999999999995293 1.8589488852811881792
-0.94599999999999995204 1.8569872248150973704
-0.94499999999999995115 1.8550276368904388136
-0.94399999999999995026 1.8530701215072133969
-0.94299999999999994937 1.8511146786654204544
-0.94199999999999994849 1.8491613083650604299
-0.9409999999999999476 1.8472100106061333236
-0.93999999999999994671 1.8452607853886386913
-0.93899999999999994582 1.8433136327125767551
-0.93799999999999994493 1.841368552577947959
-0.93699999999999994404 1.839425544984751637
-0.93599999999999994316 1.8374846099329880111
-0.93499999999999994227 1.8355457474226570813
-0.93399999999999994138 1.8336089574537588476
-0.93299999999999994049 1.831674240026293754
-0.9319999999999999396 1.8297415951402609124
-0.93099999999999993872 1.827811022795661211
-0.92999999999999993783 1.8258825229924939837
-0.92899999999999993694 1.8239560957307596745
-0.92799999999999993605 1.8220317410104578393
-0.92699999999999993516 1.8201094588315889222
-0.92599999999999993427 1.8181892491941529233
-0.92499999999999993339 1.8162711120981493984
-0.9239999999999999325 1.8143550475435787916
-0.92299999999999993161 1.812441055530440881
-0.92199999999999993072 1.8105291360587358884
-0.92099999999999992983 1.8086192891284633699
-0.91999999999999992895 1.8067115147396235475
-0.91899999999999992806 1.8048058128922166432
-0.91799999999999992717 1.802902183586242213
-0.91699999999999992628 1.8010006268217011449
-0.91599999999999992539 1.7991011425985921068
-0.9149999999999999245 1.7972037309169162089
-0.91399999999999992362 1.7953083917766730071
-0.91299999999999992273 1.7934151251778625014
-0.91199999999999992184 1.7915239311204846917
-0.91099999999999992095 1.7896348096045395781
-0.90999999999999992006 1.7877477606300273827
-0.90899999999999991918 1.7858627841969476613
-0.90799999999999991829 1.7839798803053010801
-0.9069999999999999174 1.7820990489550871949
-0.90599999999999991651 1.7802202901463057838
-0.90499999999999991562 1.7783436038789572908
-0.90399999999999991473 1.7764689901530414939
-0.90299999999999991385 1.7745964489685581711
-0.90199999999999991296 1.7727259803255079884
-0.90099999999999991207 1.7708575842238905018
-0.89999999999999991118 1.7689912606637057113
-0.89899999999999991029 1.7671270096449536169
-0.89799999999999990941 1.7652648311676342185
-0.89699999999999990852 1.7634047252317475163
-0.89599999999999990763 1.7615466918372935101
-0.89499999999999990674 1.7596907309842724221
-0.89399999999999990585 1.7578368426726840301
-0.89299999999999990496 1.7559850269025283342
-0.89199999999999990408 1.7541352836738053345
-0.89099999999999990319 1.7522876129865154748
-0.8899999999999999023 1.7504420148406580893
-0.88899999999999990141 1.7485984892362331777
-0.88799999999999990052 1.7467570361732414064
-0.88699999999999989964 1.7449176556516821091
-0.88599999999999989875 1.7430803476715557299
-0.88499999999999989786 1.7412451122328620468
-0.88399999999999989697 1.7394119493356010597
-0.88299999999999989608 1.7375808589797729908
-0.88199999999999989519 1.735751841165377396
-0.88099999999999989431 1.7339248958924147193
-0.87999999999999989342 1.7321000231608847386
-0.87899999999999989253 1.7302772229707874541
-0.87799999999999989164 1.7284564953221228656
-0.87699999999999989075 1.7266378402148909732
-0.87599999999999988987 1.724821257649092221
-0.87499999999999988898 1.7230067476247257208
-0.87399999999999988809 1.7211943101417923607
-0.8729999999999998872 1.7193839452002914747
-0.87199999999999988631 1.7175756528002235068
-0.87099999999999988542 1.7157694329415882351
-0.86999999999999988454 1.7139652856243854373
-0.86899999999999988365 1.7121632108486157797
-0.86799999999999988276 1.7103632086142785962
-0.86699999999999988187 1.7085652789213745528
-0.86599999999999988098 1.7067694217699029835
-0.8649999999999998801 1.7049756371598641103
-0.86399999999999987921 1.7031839250912577111
-0.86299999999999987832 1.701394285564084452
-0.86199999999999987743 1.699606718578343667
-0.86099999999999987654 1.6978212241340358002
-0.85999999999999987566 1.6960378022311608515
-0.85899999999999987477 1.6942564528697185988
-0.85799999999999987388 1.6924771760497088202
-0.85699999999999987299 1.6906999717711319597
-0.8559999999999998721 1.6889248400339875733
-0.85499999999999987121 1.687151780838276327
-0.85399999999999987033 1.6853807941839975548
-0.85299999999999986944 1.6836118800711517007
-0.85199999999999986855 1.6818450384997383207
-0.85099999999999986766 1.6800802694697580808
-0.84999999999999986677 1.678317572981210315
-0.84899999999999986589 1.6765569490340954673
-0.847999999999999865 1.6747983976284130936
-0.84699999999999986411 1.673041918764163416
-0.84599999999999986322 1.6712875124413466565
-0.84499999999999986233 1.6695351786599628152
-0.84399999999999986144 1.66778491742001167
-0.84299999999999986056 1.6660367287214932208
-0.84199999999999985967 1.6642906125644074677
-0.84099999999999985878 1.6625465689487544108
-0.83999999999999985789 1.6608045978745340499
-0.838999999999999857 1.6590646993417466071
-0.83799999999999985612 1.6573268733503916383
-0.83699999999999985523 1.6555911199004698098
-0.83599999999999985434 1.6538574389919804553
-0.83499999999999985345 1.6521258306249235748
-0.83399999999999985256 1.6503962947993000565
-0.83299999999999985167 1.6486688315151090123
-0.83199999999999985079 1.6469434407723506641
-0.8309999999999998499 1.6452201225710250121
-0.82999999999999984901 1.6434988769111322782
-0.82899999999999984812 1.6417797037926720183
-0.82799999999999984723 1.6400626032156446765
-0.82699999999999984635 1.6383475751800498088
-0.82599999999999984546 1.6366346196858880813
-0.82499999999999984457 1.6349237367331590498
-0.82399999999999984368 1.6332149263218624924
-0.82299999999999984279 1.6315081884519988531
-0.8219999999999998419 1.6298035231235679099
-0.82099999999999984102 1.6281009303365698848
-0.81999999999999984013 1.6264004100910043338
-0.81899999999999983924 1.6247019623868717009
-0.81799999999999983835 1.6230055872241719861
-0.81699999999999983746 1.6213112846029047454
-0.81599999999999983658 1.6196190545230702007
-0.81499999999999983569 1.6179288969846683521
-0.8139999999999998348 1.6162408119876994217
-0.81299999999999983391 1.6145547995321634094
-0.81199999999999983302 1.6128708596180598711
-0.81099999999999983213 1.6111889922453890289
-0.80999999999999983125 1.6095091974141511049
-0.80899999999999983036 1.6078314751243458769
-0.80799999999999982947 1.606155825375973345
-0.80699999999999982858 1.6044822481690335092
-0.80599999999999982769 1.6028107435035263695
-0.80499999999999982681 1.6011413113794523699
-0.80399999999999982592 1.5994739517968106224
-0.80299999999999982503 1.597808664755601793
-0.80199999999999982414 1.5961454502558258817
-0.80099999999999982325 1.5944843082974824444
-0.79999999999999982236 1.5928252388805719253
-0.79899999999999982148 1.5911682420050941023
-0.79799999999999982059 1.5895133176710489753
-0.7969999999999998197 1.5878604658784367665
-0.79599999999999981881 1.5862096866272572537
-0.79499999999999981792 1.584560979917510215
-0.79399999999999981704 1.5829143457491960945
-0.79299999999999981615 1.58126978412231467
-0.79199999999999981526 1.5796272950368659416
-0.79099999999999981437 1.5779868784928501313
-0.78999999999999981348 1.5763485344902670171
-0.78899999999999981259 1.574712263029116821
-0.78799999999999981171 1.573078064109399099
-0.78699999999999981082 1.5714459377311140731
-0.78599999999999980993 1.5698158838942619653
-0.78499999999999980904 1.5681879025988425536
-0.78399999999999980815 1.5665619938448558379
-0.78299999999999980727 1.5649381576323018184
-0.78199999999999980638 1.5633163939611807169
-0.78099999999999980549 1.5616967028314923116
-0.7799999999999998046 1.5600790842432366023
-0.77899999999999980371 1.5584635381964135892
-0.77799999999999980282 1.5568500646910232721
-0.77699999999999980194 1.5552386637270658731
-0.77599999999999980105 1.5536293353045409482
-0.77499999999999980016 1.5520220794234491635
-0.77399999999999979927 1.5504168960837896307
-0.77299999999999979838 1.5488137852855632381
-0.7719999999999997975 1.5472127470287695417
-0.77099999999999979661 1.5456137813134085413
-0.76999999999999979572 1.544016888139480459
-0.76899999999999979483 1.5424220675069846287
-0.76799999999999979394 1.5408293194159219386
-0.76699999999999979305 1.5392386438662915005
-0.76599999999999979217 1.5376500408580944246
-0.76499999999999979128 1.5360635103913298227
-0.76399999999999979039 1.534479052465998139
-0.7629999999999997895 1.5328966670820991514
-0.76199999999999978861 1.5313163542396326378
-0.76099999999999978773 1.5297381139385990423
-0.75999999999999978684 1.5281619461789981429
-0.75899999999999978595 1.5265878509608299396
-0.75799999999999978506 1.5250158282840946544
-0.75699999999999978417 1.5234458781487920653
-0.75599999999999978328 1.5218780005549221723
-0.7549999999999997824 1.5203121955024849754
-0.75399999999999978151 1.5187484629914806966
-0.75299999999999978062 1.5171868030219088919
-0.75199999999999977973 1.5156272155937700052
-0.75099999999999977884 1.5140697007070638147
-0.74999999999999977796 1.5125142583617903203
-0.74899999999999977707 1.5109608885579497439
-0.74799999999999977618 1.5094095912955418637
-0.74699999999999977529 1.5078603665745666795
-0.7459999999999997744 1.5063132143950241915
-0.74499999999999977351 1.5047681347569143995
-0.74399999999999977263 1.5032251276602375256
-0.74299999999999977174 1.5016841931049931258
-0.74199999999999977085 1.5001453310911816441
-0.74099999999999976996 1.4986085416188030806
-0.73999999999999976907 1.497073824687856991
-0.73899999999999976819 1.4955411802983435976
-0.7379999999999997673 1.4940106084502631223
-0.73699999999999976641 1.4924821091436155651
-0.73599999999999976552 1.490955682378400482
-0.73499999999999976463 1.4894313281546180949
-0.73399999999999976374 1.487909046472268404
-0.73299999999999976286 1.4863888373313518532
-0.73199999999999976197 1.4848707007318675544
-0.73099999999999976108 1.4833546366738163957
-0.72999999999999976019 1.4818406451571979332
-0.7289999999999997593 1.4803287261820119447
-0.72799999999999975842 1.4788188797482588743
-0.72699999999999975753 1.4773111058559385
-0.72599999999999975664 1.4758054045050508218
-0.72499999999999975575 1.4743017756955960618
-0.72399999999999975486 1.4728002194275737757
-0.72299999999999975397 1.4713007357009846299
-0.72199999999999975309 1.4698033245158279581
-0.7209999999999997522 1.4683079858721039823
-0.71999999999999975131 1.4668147197698127027
-0.71899999999999975042 1.4653235262089543411
-0.71799999999999974953 1.4638344051895286757
-0.71699999999999974865 1.4623473567115357064
-0.71599999999999974776 1.4608623807749756551
-0.71499999999999974687 1.4593794773798480779
-0.71399999999999974598 1.4578986465261536409
-0.71299999999999974509 1.456419888213891678
-0.7119999999999997442 1.454943202443062189
-0.71099999999999974332 1.4534685892136658403
-0.70999999999999974243 1.4519960485257019656
-0.70899999999999974154 1.450525580379171231
-0.70799999999999974065 1.4490571847740729705
-0.70699999999999973976 1.4475908617104074061
-0.70599999999999973888 1.4461266111881747598
-0.70499999999999973799 1.4446644332073748096
-0.7039999999999997371 1.4432043277680073334
-0.70299999999999973621 1.4417462948700727754
-0.70199999999999973532 1.4402903345135711355
-0.70099999999999973443 1.4388364466985021917
-0.69999999999999973355 1.4373846314248659439
-0.69899999999999973266 1.4359348886926621702
-0.69799999999999973177 1.4344872185018915367
-0.69699999999999973088 1.4330416208525533772
-0.69599999999999972999 1.4315980957446481359
-0.69499999999999972911 1.4301566431781753685
-0.69399999999999972822 1.4287172631531355194
-0.69299999999999972733 1.4272799556695285883
-0.69199999999999972644 1.4258447207273543533
-0.69099999999999972555 1.4244115583266125924
-0.68999999999999972466 1.4229804684673037496
-0.68899999999999972378 1.4215514511494276029
-0.68799999999999972289 1.4201245063729843743
-0.686999999999999722 1.4186996341379733977
-0.68599999999999972111 1.4172768344443955613
-0.68499999999999972022 1.4158561072922504209
-0.68399999999999971934 1.4144374526815379767
-0.68299999999999971845 1.4130208706122582285
-0.68199999999999971756 1.4116063610844116205
-0.68099999999999971667 1.4101939240979972645
-0.67999999999999971578 1.4087835596530158266
-0.67899999999999971489 1.4073752677494670849
-0.67799999999999971401 1.4059690483873512612
-0.67699999999999971312 1.4045649015666679116
-0.67599999999999971223 1.4031628272874174801
-0.67499999999999971134 1.4017628255495997447
-0.67399999999999971045 1.4003648963532149274
-0.67299999999999970957 1.3989690396982625842
-0.67199999999999970868 1.3975752555847431591
-0.67099999999999970779 1.396183544012656208
-0.6699999999999997069 1.3947939049820023971
-0.66899999999999970601 1.3934063384927810603
-0.66799999999999970512 1.3920208445449926415
-0.66699999999999970424 1.3906374231386366969
-0.66599999999999970335 1.3892560742737136703
-0.66499999999999970246 1.3878767979502235619
-0.66399999999999970157 1.3864995941681659275
-0.66299999999999970068 1.3851244629275409892
-0.6619999999999996998 1.383751404228348969
-0.66099999999999969891 1.3823804180705896449
-0.65999999999999969802 1.3810115044542630169
-0.65899999999999969713 1.379644663379369085
-0.65799999999999969624 1.3782798948459080712
-0.65699999999999969535 1.3769171988538797535
-0.65599999999999969447 1.3755565754032841319
-0.65499999999999969358 1.3741980244941212064
-0.65399999999999969269 1.372841546126391199
-0.6529999999999996918 1.3714871403000936656
-0.65199999999999969091 1.3701348070152290504
-0.65099999999999969003 1.3687845462717971312
-0.64999999999999968914 1.3674363580697979081
-0.64899999999999968825 1.3660902424092318252
-0.64799999999999968736 1.3647461992900979943
-0.64699999999999968647 1.3634042287123970816
-0.64599999999999968558 1.3620643306761288649
-0.6449999999999996847 1.3607265051812935663
-0.64399999999999968381 1.3593907522278907418
-0.64299999999999968292 1.3580570718159208354
-0.64199999999999968203 1.3567254639453836251
-0.64099999999999968114 1.3553959286162791109
-0.63999999999999968026 1.3540684658286072928
-0.63899999999999967937 1.3527430755823683928
-0.63799999999999967848 1.3514197578775619668
-0.63699999999999967759 1.350098512714188681
-0.6359999999999996767 1.3487793400922478693
-0.63499999999999967581 1.3474622400117397536
-0.63399999999999967493 1.3461472124726645561
-0.63299999999999967404 1.3448342574750218326
-0.63199999999999967315 1.3435233750188120272
-0.63099999999999967226 1.3422145651040349179
-0.62999999999999967137 1.3409078277306907268
-0.62899999999999967049 1.3396031628987794537
-0.6279999999999996696 1.3383005706083004327
-0.62699999999999966871 1.3370000508592543298
-0.62599999999999966782 1.335701603651641145
-0.62499999999999966693 1.3344052289854604343
-0.62399999999999966604 1.3331109268607126417
-0.62299999999999966516 1.3318186972773975452
-0.62199999999999966427 1.3305285402355153668
-0.62099999999999966338 1.3292404557350656624
-0.61999999999999966249 1.3279544437760488762
-0.6189999999999996616 1.326670504358464564
-0.61799999999999966072 1.32538863748231317
-0.61699999999999965983 1.324108843147594472
-0.61599999999999965894 1.3228311213543086922
-0.61499999999999965805 1.3215554721024553864
-0.61399999999999965716 1.3202818953920352207
-0.61299999999999965627 1.3190103912230473071
-0.61199999999999965539 1.3177409595954923116
-0.6109999999999996545 1.3164736005093702342
-0.60999999999999965361 1.3152083139646808529
-0.60899999999999965272 1.3139450999614241677
-0.60799999999999965183 1.3126839584995999566
-0.60699999999999965095 1.3114248895792088856
-0.60599999999999965006 1.3101678932002505107
-0.60499999999999964917 1.3089129693627246098
-0.60399999999999964828 1.3076601180666318491
-0.60299999999999964739 1.3064093393119713404
-0.6019999999999996465 1.3051606330987439719
-0.60099999999999964562 1.3039139994269492995
-0.59999999999999964473 1.3026694382965873231
-0.59899999999999964384 1.3014269497076580429
-0.59799999999999964295 1.3001865336601614587
-0.59699999999999964206 1.2989481901540975706
-0.59599999999999964118 1.2977119191894666006
-0.59499999999999964029 1.2964777207662683267
-0.5939999999999996394 1.2952455948845025269
-0.59299999999999963851 1.2940155415441698672
-0.59199999999999963762 1.2927875607452696816
-0.59099999999999963674 1.2915616524878024141
-0.58999999999999963585 1.2903378167717678426
-0.58899999999999963496 1.2891160535971659673
-0.58799999999999963407 1.2878963629639967881
-0.58699999999999963318 1.2866787448722605269
-0.58599999999999963229 1.2854631993219569619
-0.58499999999999963141 1.2842497263130858709
-0.58399999999999963052 1.2830383258456479201
-0.58299999999999962963 1.2818289979196424433
-0.58199999999999962874 1.2806217425350698846
-0.58099999999999962785 1.2794165596919298
-0.57999999999999962697 1.2782134493902226335
-0.57899999999999962608 1.2770124116299483852
-0.57799999999999962519 1.2758134464111066109
-0.5769999999999996243 1.2746165537336977547
-0.57599999999999962341 1.2734217335977213725
-0.57499999999999962252 1.2722289860031779085
-0.57399999999999962164 1.2710383109500673626
-0.57299999999999962075 1.2698497084383892908
-0.57199999999999961986 1.2686631784681441371
-0.57099999999999961897 1.2674787210393316794
-0.56999999999999961808 1.2662963361519519179
-0.5689999999999996172 1.2651160238060050744
-0.56799999999999961631 1.2639377840014907051
-0.56699999999999961542 1.2627616167384092538
-0.56599999999999961453 1.2615875220167604986
-0.56499999999999961364 1.2604154998365444396
-0.56399999999999961275 1.2592455501977610766
-0.56299999999999961187 1.2580776731004104096
-0.56199999999999961098 1.2569118685444928829
-0.56099999999999961009 1.2557481365300076082
-0.5599999999999996092 1.2545864770569554736
-0.55899999999999960831 1.2534268901253358131
-0.55799999999999960743 1.2522693757351490706
-0.55699999999999960654 1.2511139338863950243
-0.55599999999999960565 1.2499605645790736741
-0.55499999999999960476 1.2488092678131850199
-0.55399999999999960387 1.2476600435887292839
-0.55299999999999960298 1.2465128919057060219
-0.5519999999999996021 1.2453678127641156781
-0.55099999999999960121 1.2442248061639580303
-0.54999999999999960032 1.2430838721052333007
-0.54899999999999959943 1.2419450105879410451
-0.54799999999999959854 1.2408082216120817076
-0.54699999999999959766 1.2396735051776550662
-0.54599999999999959677 1.2385408612846611209
-0.54499999999999959588 1.2374102899331000938
-0.54399999999999959499 1.2362817911229715406
-0.5429999999999995941 1.2351553648542756836
-0.54199999999999959321 1.2340310111270127447
-0.54099999999999959233 1.2329087299411827239
-0.53999999999999959144 1.2317885212967851771
-0.53899999999999959055 1.2306703851938205485
-0.53799999999999958966 1.229554321632288616
-0.53699999999999958877 1.2284403306121891575
-0.53599999999999958789 1.2273284121335228392
-0.534999999999999587 1.2262185661962889949
-0.53399999999999958611 1.2251107928004880687
-0.53299999999999958522 1.2240050919461198387
-0.53199999999999958433 1.2229014636331843047
-0.53099999999999958344 1.2217999078616814668
-0.52999999999999958256 1.220700424631611325
-0.52899999999999958167 1.2196030139429743233
-0.52799999999999958078 1.2185076757957697957
-0.52699999999999957989 1.2174144101899977422
-0.525999999999999579 1.2163232171256588288
-0.52499999999999957812 1.2152340966027526115
-0.52399999999999957723 1.2141470486212788682
-0.52299999999999957634 1.2130620731812380431
-0.52199999999999957545 1.211979170282629914
-0.52099999999999957456 1.2108983399254547031
-0.51999999999999957367 1.2098195821097121883
-0.51899999999999957279 1.2087428968354021475
-0.5179999999999995719 1.2076682841025250248
-0.51699999999999957101 1.2065957439110808203
-0.51599999999999957012 1.2055252762610690898
-0.51499999999999956923 1.2044568811524900553
-0.51399999999999956835 1.2033905585853441611
-0.51299999999999956746 1.2023263085596307409
-0.51199999999999956657 1.2012641310753500168
-0.51099999999999956568 1.2002040261325019888
-0.50999999999999956479 1.1991459937310868789
-0.5089999999999995639 1.198090033871104465
-0.50799999999999956302 1.1970361465525549693
-0.50699999999999956213 1.1959843317754377257
-0.50599999999999956124 1.1949345895397536221
-0.50499999999999956035 1.1938869198455022147
-0.50399999999999955946 1.1928413226926835033
-0.50299999999999955858 1.1917977980812977101
-0.50199999999999955769 1.1907563460113443909
-0.5009999999999995568 1.1897169664828239899
-0.49999999999999955591 1.1886796594957360629
-0.49899999999999955502 1.187644425050081054
-0.49799999999999955413 1.1866112631458589632
-0.49699999999999955325 1.1855801737830693465
-0.49599999999999955236 1.1845511569617126479
-0.49499999999999955147 1.1835242126817886454
-0.49399999999999955058 1.182499340943297117
-0.49299999999999954969 1.1814765417462387287
-0.49199999999999954881 1.1804558150906128144
-0.49099999999999954792 1.1794371609764198183
-0.48999999999999954703 1.1784205794036592962
-0.48899999999999954614 1.1774060703723319143
-0.48799999999999954525 1.1763936338824370065
-0.48699999999999954436 1.1753832699339750167
-0.48599999999999954348 1.1743749785269457231
-0.48499999999999954259 1.1733687596613491255
-0.4839999999999995417 1.172364613337185002
-0.48299999999999954081 1.1713625395544540186
-0.48199999999999953992 1.1703625383131557314
-0.48099999999999953904 1.1693646096132899181
-0.47999999999999953815 1.168368753454857023
-0.47899999999999953726 1.167374969837856824
-0.47799999999999953637 1.1663832587622895431
-0.47699999999999953548 1.1653936202281549583
-0.47599999999999953459 1.1644060542354530696
-0.47499999999999953371 1.163420560784183877
-0.47399999999999953282 1.1624371398743473804
-0.47299999999999953193 1.161455791505943802
-0.47199999999999953104 1.1604765156789726976
-0.47099999999999953015 1.1594993123934345114
-0.46999999999999952927 1.1585241816493290212
-0.46899999999999952838 1.1575511234466564492
-0.46799999999999952749 1.1565801377854163512
-0.4669999999999995266 1.1556112246656091713
-0.46599999999999952571 1.1546443840872346875
-0.46499999999999952482 1.1536796160502928998
-0.46399999999999952394 1.1527169205547840303
-0.46299999999999952305 1.1517562976007076347
-0.46199999999999952216 1.1507977471880641573
-0.46099999999999952127 1.149841269316853376
-0.45999999999999952038 1.1488868639870752908
-0.4589999999999995195 1.1479345311987299016
-0.45799999999999951861 1.1469842709518174306
-0.45699999999999951772 1.1460360832463376557
-0.45599999999999951683 1.1450899680822905768
-0.45499999999999951594 1.1441459254596761941
-0.45399999999999951505 1.1432039553784947294
-0.45299999999999951417 1.1422640578387457388
-0.45199999999999951328 1.1413262328404296664
-0.45099999999999951239 1.14039048038354629
-0.4499999999999995115 1.1394568004680958317
-0.44899999999999951061 1.1385251930940780696
-0.44799999999999950973 1.1375956582614927814
-0.44699999999999950884 1.1366681959703404114
-0.44599999999999950795 1.1357428062206207375
-0.44499999999999950706 1.1348194890123339817
-0.44399999999999950617 1.1338982443454797
-0.44299999999999950528 1.1329790722200583364
-0.4419999999999995044 1.1320619726360698909
-0.44099999999999950351 1.1311469455935136974
-0.43999999999999950262 1.1302339910923906441
-0.43899999999999950173 1.1293231091327000648
-0.43799999999999950084 1.1284142997144424037
-0.43699999999999949996 1.1275075628376174386
-0.43599999999999949907 1.1266028985022251696
-0.43499999999999949818 1.1257003067082658188
-0.43399999999999949729 1.124799787455739164
-0.4329999999999994964 1.1239013407446452053
-0.43199999999999949551 1.1230049665749839427
-0.43099999999999949463 1.1221106649467553762
-0.42999999999999949374 1.1212184358599597278
-0.42899999999999949285 1.1203282793145967755
-0.42799999999999949196 1.1194401953106665193
-0.42699999999999949107 1.1185541838481689592
-0.42599999999999949019 1.1176702449271040951
-0.4249999999999994893 1.1167883785474721492
-0.42399999999999948841 1.1159085847092726773
-0.42299999999999948752 1.1150308634125061236
-0.42199999999999948663 1.1141552146571722659
-0.42099999999999948574 1.1132816384432713264
-0.41999999999999948486 1.1124101347708030829
-0.41899999999999948397 1.1115407036397673135
-0.41799999999999948308 1.1106733450501644622
-0.41699999999999948219 1.109808059001994307
-0.4159999999999994813 1.10894484549525707
-0.41499999999999948042 1.108083704529952529
-0.41399999999999947953 1.1072246361060806841
-0.41299999999999947864 1.1063676402236415353
-0.41199999999999947775 1.1055127168826353046
-0.41099999999999947686 1.1046598660830613259
-0.40999999999999947597 1.1038090878249207094
-0.40899999999999947509 1.102960382108212567
-0.4079999999999994742 1.1021137489329368986
-0.40699999999999947331 1.1012691882990943704
-0.40599999999999947242 1.1004267002066843162
-0.40499999999999947153 1.0995862846557074022
-0.40399999999999947065 1.0987479416461629622
-0.40299999999999946976 1.0979116711780509963
-0.40199999999999946887 1.0970774732513719485
-0.40099999999999946798 1.0962453478661260409
-0.39999999999999946709 1.0954152950223123852
-0.3989999999999994662 1.0945873147199316477
-0.39799999999999946532 1.0937614069589838284
-0.39699999999999946443 1.092937571739468483
-0.39599999999999946354 1.0921158090613860558
-0.39499999999999946265 1.0912961189247363247
-0.39399999999999946176 1.0904785013295192897
-0.39299999999999946088 1.0896629562757349508
-0.39199999999999945999 1.0888494837633833079
-0.3909999999999994591 1.0880380837924645832
-0.38999999999999945821 1.0872287563629785545
-0.38899999999999945732 1.086421501474925444
-0.38799999999999945643 1.0856163191283048075
-0.38699999999999945555 1.0848132093231170892
-0.38599999999999945466 1.0840121720593618448
-0.38499999999999945377 1.0832132073370395187
-0.38399999999999945288 1.0824163151561498886
-0.38299999999999945199 1.0816214955166931766
-0.38199999999999945111 1.0808287484186691607
-0.38099999999999945022 1.0800380738620776189
-0.37999999999999944933 1.0792494718469189952
-0.37899999999999944844 1.0784629423731930675
-0.37799999999999944755 1.077678485440900058
-0.37699999999999944666 1.0768961010500397446
-0.37599999999999944578 1.0761157892006119052
-0.37499999999999944489 1.075337549892616984
-0.373999999999999444 1.0745613831260549809
-0.37299999999999944311 1.0737872889009254518
-0.37199999999999944222 1.0730152672172290629
-0.37099999999999944134 1.072245318074964926
-0.36999999999999944045 1.0714774414741337072
-0.36899999999999943956 1.0707116374147354065
-0.36799999999999943867 1.0699479058967695799
-0.36699999999999943778 1.0691862469202366714
-0.36599999999999943689 1.068426660485136459
-0.36499999999999943601 1.0676691465914691648
-0.36399999999999943512 1.0669137052392343445
-0.36299999999999943423 1.0661603364284322204
-0.36199999999999943334 1.0654090401590630144
-0.36099999999999943245 1.0646598164311265045
-0.35999999999999943157 1.0639126652446226906
-0.35899999999999943068 1.0631675865995517949
-0.35799999999999942979 1.0624245804959133732
-0.3569999999999994289 1.0616836469337078697
-0.35599999999999942801 1.0609447859129350622
-0.35499999999999942712 1.0602079974335949508
-0.35399999999999942624 1.0594732814956877576
-0.35299999999999942535 1.0587406380992132604
-0.35199999999999942446 1.0580100672441712373
-0.35099999999999942357 1.0572815689305621323
-0.34999999999999942268 1.0565551431583861675
-0.3489999999999994218 1.0558307899276424546
-0.34799999999999942091 1.0551085092383314379
-0.34699999999999942002 1.0543883010904535613
-0.34599999999999941913 1.0536701654840081588
-0.34499999999999941824 1.0529541024189954523
-0.34399999999999941735 1.052240111895415664
-0.34299999999999941647 1.0515281939132683497
-0.34199999999999941558 1.0508183484725541756
-0.34099999999999941469 1.0501105755732724756
-0.3399999999999994138 1.0494048752154234716
-0.33899999999999941291 1.0487012473990073858
-0.33799999999999941203 1.047999692124023996
-0.33699999999999941114 1.0473002093904730803
-0.33599999999999941025 1.0466027991983553047
-0.33499999999999940936 1.0459074615476702252
-0.33399999999999940847 1.0452141964384176198
-0.33299999999999940758 1.0445230038705979325
-0.3319999999999994067 1.0438338838442109413
-0.33099999999999940581 1.0431468363592566462
-0.32999999999999940492 1.0424618614157352692
-0.32899999999999940403 1.0417789590136465883
-0.32799999999999940314 1.0410981291529906034
-0.32699999999999940226 1.0404193718337673147
-0.32599999999999940137 1.0397426870559769441
-0.32499999999999940048 1.0390680748196190475
-0.32399999999999939959 1.038395535124694069
-0.3229999999999993987 1.0377250679712017867
-0.32199999999999939782 1.0370566733591422004
-0.32099999999999939693 1.0363903512885155322
-0.31999999999999939604 1.0357261017593215602
-0.31899999999999939515 1.0350639247715602842
-0.31799999999999939426 1.0344038203252314823
-0.31699999999999939337 1.0337457884203355984
-0.31599999999999939249 1.0330898290568726328
-0.3149999999999993916 1.0324359422348421411
-0.31399999999999939071 1.0317841279542447896
-0.31299999999999938982 1.0311343862150799122
-0.31199999999999938893 1.0304867170173477309
-0.31099999999999938805 1.0298411203610482456
-0.30999999999999938716 1.0291975962461816785
-0.30899999999999938627 1.0285561446727478074
-0.30799999999999938538 1.0279167656407468545
-0.30699999999999938449 1.0272794591501783756
-0.3059999999999993836 1.0266442252010425928
-0.30499999999999938272 1.0260110637933397282
-0.30399999999999938183 1.0253799749270695596
-0.30299999999999938094 1.0247509586022320871
-0.30199999999999938005 1.0241240148188275327
-0.30099999999999937916 1.0234991435768554524
-0.29999999999999937828 1.0228763448763162902
-0.29899999999999937739 1.0222556187172098241
-0.2979999999999993765 1.0216369650995360541
-0.29699999999999937561 1.0210203840232952022
-0.29599999999999937472 1.0204058754884870464
-0.29499999999999937383 1.0197934394951115866
-0.29399999999999937295 1.019183076043168823
-0.29299999999999937206 1.0185747851326587554
-0.29199999999999937117 1.017968566763581606
-0.29099999999999937028 1.0173644209359371526
-0.28999999999999936939 1.0167623476497253954
-0.28899999999999936851 1.0161623469049463342
-0.28799999999999936762 1.0155644187015999691
-0.28699999999999936673 1.0149685630396865221
-0.28599999999999936584 1.0143747799192057713
-0.28499999999999936495 1.0137830693401574944
-0.28399999999999936406 1.0131934313025423577
-0.28299999999999936318 1.0126058658063596951
-0.28199999999999936229 1.0120203728516099506
-0.2809999999999993614 1.0114369524382929022
-0.27999999999999936051 1.0108556045664083278
-0.27899999999999935962 1.0102763292359568936
-0.27799999999999935874 1.0096991264469379335
-0.27699999999999935785 1.0091239961993518914
-0.27599999999999935696 1.0085509384931985455
-0.27499999999999935607 1.0079799533284778956
-0.27399999999999935518 1.0074110407051899418
-0.27299999999999935429 1.0068442006233349062
-0.27199999999999935341 1.0062794330829125666
-0.27099999999999935252 1.0057167380839229232
-0.26999999999999935163 1.0051561156263657537
-0.26899999999999935074 1.0045975657102417244
-0.26799999999999934985 1.0040410883355503913
-0.26699999999999934897 1.0034866835022915321
-0.26599999999999934808 1.0029343512104655911
-0.26499999999999934719 1.0023840914600723462
-0.2639999999999993463 1.0018359042511120194
-0.26299999999999934541 1.0012897895835843887
-0.26199999999999934452 1.000745747457489454
-0.26099999999999934364 1.0002037778728272155
-0.25999999999999934275 0.99966388082959767303
-0.25899999999999934186 0.99912605632780093767
-0.25799999999999934097 0.9985903043674368984
-0.25699999999999934008 0.99805662494850566624
-0.2559999999999993392 0.99752501807100713016
-0.25499999999999933831 0.99699548373494140119
-0.25399999999999933742 0.9964680219403083683
-0.25299999999999933653 0.9959426326871080315
-0.25199999999999933564 0.9954193159753405018
-0.25099999999999933475 0.99489807180500577921
-0.24999999999999933387 0.99437890017610364168
-0.24899999999999933298 0.99386180108863420024
-0.24799999999999933209 0.99334677454259767693
-0.2469999999999993312 0.9928338205379938497
-0.24599999999999933031 0.9923229390748229406
-0.24499999999999932943 0.99181413015308450554
-0.24399999999999932854 0.99130739377277887758
-0.24299999999999932765 0.99080272993390605674
-0.24199999999999932676 0.99030013863646593197
-0.24099999999999932587 0.9897996198804585033
-0.23999999999999932498 0.98930117366588388172
-0.2389999999999993241 0.98880479999274206726
-0.23799999999999932321 0.98831049886103294888
-0.23699999999999932232 0.98781827027075652659
-0.23599999999999932143 0.98732811422191268935
-0.23499999999999932054 0.98684003071450188127
-0.23399999999999931966 0.9863540197485238803
-0.23299999999999931877 0.98587008132397824234
-0.23199999999999931788 0.98538821544086552251
-0.23099999999999931699 0.98490842209918560979
-0.2299999999999993161 0.98443070129893839315
-0.22899999999999931521 0.9839550530401238726
-0.22799999999999931433 0.9834814773227423812
-0.22699999999999931344 0.98300997414679325281
-0.22599999999999931255 0.98254054351227715358
-0.22499999999999931166 0.98207318541919363941
-0.22399999999999931077 0.98160789986754293235
-0.22299999999999930989 0.98114468685732481035
-0.221999999999999309 0.98068354638853949545
-0.22099999999999930811 0.98022447846118709869
-0.21999999999999930722 0.97976748307526739801
-0.21899999999999930633 0.97931256023078028239
-0.21799999999999930544 0.97885970992772597388
-0.21699999999999930456 0.97840893216610436145
-0.21599999999999930367 0.97796022694591566715
-0.21499999999999930278 0.97751359426715955792
-0.21399999999999930189 0.97706903412983625579
-0.212999999999999301 0.97662654653394576076
-0.21199999999999930012 0.9761861314794878508
-0.21099999999999929923 0.97574778896646263693
-0.20999999999999929834 0.9753115189948704522
-0.20899999999999929745 0.97487732156471085254
-0.20799999999999929656 0.97444519667598394896
-0.20699999999999929567 0.97401514432868985249
-0.20599999999999929479 0.97358716452282845211
-0.2049999999999992939 0.97316125725839985883
-0.20399999999999929301 0.97273742253540396163
-0.20299999999999929212 0.97231566035384076052
-0.20199999999999929123 0.97189597071371036652
-0.20099999999999929035 0.9714783536150126686
-0.19999999999999928946 0.97106280905774777779
-0.19899999999999928857 0.97064933704191558306
-0.19799999999999928768 0.97023793756751608441
-0.19699999999999928679 0.9698286106345495039
-0.1959999999999992859 0.96942135624301550845
-0.19499999999999928502 0.96901617439291420908
-0.19399999999999928413 0.96861306508424582784
-0.19299999999999928324 0.96821202831701014269
-0.19199999999999928235 0.96781306409120715362
-0.19099999999999928146 0.96741617240683686063
-0.18999999999999928058 0.96702135326389937475
-0.18899999999999927969 0.96662860666239469598
-0.1879999999999992788 0.96623793260232271329
-0.18699999999999927791 0.96584933108368342669
-0.18599999999999927702 0.96546280210647683617
-0.18499999999999927613 0.96507834567070316378
-0.18399999999999927525 0.96469596177636207646
-0.18299999999999927436 0.96431565042345379624
-0.18199999999999927347 0.9639374116119782121
-0.18099999999999927258 0.96356124534193532405
-0.17999999999999927169 0.96318715161332535413
-0.17899999999999927081 0.96281513042614796927
-0.17799999999999926992 0.96244518178040350254
-0.17699999999999926903 0.96207730567609173189
-0.17599999999999926814 0.96171150211321254631
-0.17499999999999926725 0.96134777109176627885
-0.17399999999999926636 0.96098611261175248544
-0.17299999999999926548 0.96062652667317172117
-0.17199999999999926459 0.96026901327602365299
-0.1709999999999992637 0.9599135724203082809
-0.16999999999999926281 0.95956020410602560489
-0.16899999999999926192 0.95920890833317562496
-0.16799999999999926104 0.95885968510175867419
-0.16699999999999926015 0.95851253441177408643
-0.16599999999999925926 0.95816745626322252782
-0.16499999999999925837 0.95782445065610344326
-0.16399999999999925748 0.95748351759041727682
-0.16299999999999925659 0.95714465706616391749
-0.16199999999999925571 0.95680786908334325425
-0.16099999999999925482 0.95647315364195517606
-0.15999999999999925393 0.95614051074200001601
-0.15899999999999925304 0.95580994038347766306
-0.15799999999999925215 0.95548144256638789518
-0.15699999999999925127 0.9551550172907309344
-0.15599999999999925038 0.9548306645565066697
-0.15499999999999924949 0.95450838436371521212
-0.1539999999999992486 0.95418817671235633959
-0.15299999999999924771 0.9538700416024303852
-0.15199999999999924682 0.95355397903393712689
-0.15099999999999924594 0.95323998900687656466
-0.14999999999999924505 0.95292807152124892056
-0.14899999999999924416 0.9526182265770537505
-0.14799999999999924327 0.95231045417429149857
-0.14699999999999924238 0.95200475431296194273
-0.1459999999999992415 0.95170112699306508297
-0.14499999999999924061 0.95139957221460103032
-0.14399999999999923972 0.95110008997756978477
-0.14299999999999923883 0.95080268028197112429
-0.14199999999999923794 0.95050734312780527091
-0.14099999999999923705 0.95021407851507222464
-0.13999999999999923617 0.94992288644377187445
-0.13899999999999923528 0.94963376691390422035
-0.13799999999999923439 0.94934671992546937336
-0.1369999999999992335 0.94906174547846722245
-0.13599999999999923261 0.94877884357289787864
-0.13499999999999923173 0.9484980142087611199
-0.13399999999999923084 0.94821925738605727929
-0.13299999999999922995 0.94794257310478613476
-0.13199999999999922906 0.94766796136494768632
-0.13099999999999922817 0.94739542216654204498
-0.12999999999999922728 0.94712495550956909973
-0.1289999999999992264 0.94685656139402896159
-0.12799999999999922551 0.94659023981992151953
-0.12699999999999922462 0.94632599078724677355
-0.12599999999999922373 0.94606381429600483468
-0.12499999999999922284 0.94580371034619570292
-0.12399999999999922196 0.94554567893781915622
-0.12299999999999922107 0.94528972007087541662
-0.12199999999999922018 0.94503583374536448414
-0.12099999999999921929 0.94478401996128613671
-0.1199999999999992184 0.94453427871864070742
-0.11899999999999921751 0.94428661001742797421
-0.11799999999999921663 0.94404101385764793708
-0.11699999999999921574 0.94379749023930070706
-0.11599999999999921485 0.94355603916238617312
-0.11499999999999921396 0.94331666062690433527
-0.11399999999999921307 0.94307935463285530453
-0.11299999999999921219 0.94284412118023896987
-0.1119999999999992113 0.94261096026905555334
-0.11099999999999921041 0.94237987189930472187
-0.10999999999999920952 0.94215085607098658649
-0.10899999999999920863 0.94192391278410125821
-0.10799999999999920774 0.94169904203864862602
-0.10699999999999920686 0.94147624383462880093
-0.10599999999999920597 0.94125551817204167193
-0.10499999999999920508 0.94103686505088735004
-0.10399999999999920419 0.94082028447116572423
-0.1029999999999992033 0.94060577643287690552
-0.10199999999999920242 0.94039334093602078291
-0.10099999999999920153 0.94018297798059735637
-0.099999999999999200639 0.93997468756660673694
-0.098999999999999199751 0.9397684696940488136
-0.097999999999999198863 0.93956432436292358634
-0.096999999999999197975 0.93936225157323116619
-0.095999999999999197087 0.93916225132497155315
-0.094999999999999196199 0.93896432361814463619
-0.09399999999999919531 0.93876846845275041531
-0.092999999999999194422 0.93857468582878900154
-0.091999999999999193534 0.93838297574626028386
-0.090999999999999192646 0.93819333820516426226
-0.089999999999999191758 0.93800577320550115878
-0.088999999999999190869 0.93782028074727064038
-0.087999999999999189981 0.93763686083047292907
-0.086999999999999189093 0.93745551345510802488
-0.085999999999999188205 0.93727623862117559472
-0.084999999999999187317 0.93709903632867619372
-0.083999999999999186429 0.9369239065776094888
-0.08299999999999918554 0.93675084936797536894
-0.081999999999999184652 0.93657986469977416721
-0.080999999999999183764 0.93641095257300555055
-0.079999999999999182876 0.93624411298766985201
-0.078999999999999181988 0.93607934594376662751
-0.077999999999999181099 0.93591665144129643217
-0.076999999999999180211 0.93575602948025882188
-0.075999999999999179323 0.93559748006065401871
-0.074999999999999178435 0.93544100318248202264
-0.073999999999999177547 0.93528659884574272265
-0.072999999999999176659 0.93513426705043600773
-0.07199999999999917577 0.93498400779656232196
-0.070999999999999174882 0.9348358210841209992
-0.069999999999999173994 0.9346897069131127056
-0.068999999999999173106 0.93454566528353710808
-0.067999999999999172218 0.93440369619539420665
-0.06699999999999917133 0.93426379964868411232
-0.065999999999999170441 0.93412597564340660306
-0.064999999999999169553 0.93399022417956212294
-0.063999999999999168665 0.93385654525715011687
-0.062999999999999167777 0.93372493887617102892
-0.061999999999999166889 0.93359540503662463706
-0.060999999999999166 0.93346794373851094129
-0.059999999999999165112 0.9333425549818299416
-0.058999999999999164224 0.93321923876658186003
-0.057999999999999163336 0.93309799509276636353
-0.056999999999999162448 0.93297882396038367414
-0.05599999999999916156 0.93286172536943356981
-0.054999999999999160671 0.93274669931991649463
-0.053999999999999159783 0.93263374581183200451
-0.052999999999999158895 0.93252286484518021048
-0.051999999999999158007 0.93241405641996122355
-0.050999999999999157119 0.93230732053617493271
-0.049999999999999156231 0.93220265719382144898
-0.048999999999999155342 0.93210006639290077235
-0.047999999999999154454 0.93199954813341279181
-0.046999999999999153566 0.93190110241535739632
-0.045999999999999152678 0.93180472923873491897
-0.04499999999999915179 0.9317104286035451377
-0.043999999999999150901 0.93161820050978805252
-0.042999999999999150013 0.93152804495746366342
-0.041999999999999149125 0.93143996194657208143
-0.040999999999999148237 0.93135395147711330655
-0.039999999999999147349 0.93127001354908733877
-0.038999999999999146461 0.93118814816249384503
-0.037999999999999145572 0.93110835531733338044
-0.036999999999999144684 0.93103063501360550092
-0.035999999999999143796 0.93095498725131031748
-0.034999999999999142908 0.93088141203044805216
-0.03399999999999914202 0.93080990935101837191
-0.032999999999999141131 0.93074047921302149877
-0.031999999999999140243 0.93067312161645732171
-0.030999999999999139355 0.93060783656132595176
-0.029999999999999138467 0.9305446240476272779
-0.028999999999999137579 0.93048348407536141114
-0.027999999999999136691 0.93042441664452824046
-0.026999999999999135802 0.93036742175512776587
-0.025999999999999134914 0.93031249940716009839
-0.024999999999999134026 0.93025964960062523801
-0.023999999999999133138 0.93020887233552296269
-0.02299999999999913225 0.93016016761185360551
-0.021999999999999131362 0.93011353542961683338
-0.020999999999999130473 0.93006897578881275734
-0.019999999999999129585 0.93002648868944171046
-0.018999999999999128697 0.92998607413150324863
-0.017999999999999127809 0.92994773211499748289
-0.016999999999999126921 0.92991146263992441323
-0.015999999999999126032 0.92987726570628415068
-0.014999999999999125144 0.92984514131407669524
-0.013999999999999124256 0.92981508946330193588
-0.012999999999999123368 0.9297871101539598726
-0.01199999999999912248 0.92976120338605061644
-0.010999999999999121592 0.92973736915957405635
-0.0099999999999991207034 0.92971560747453030338
-0.0089999999999991198152 0.92969591833091924649
-0.007999999999999118927 0.92967830172874088568
-0.0069999999999991189062 0.92966275766799533198
-0.0059999999999991188854 0.92964928614868258538
-0.0049999999999991188646 0.92963788717080242385
-0.0039999999999991188437 0.92962856073435506943
-0.0029999999999991188229 0.92962130683934041109
-0.0019999999999991188021 0.92961612548575867088
-0.00099999999999911878129 0.92961301667360951573
8.8123952579621800396e-16 0.92961198040289316769
0.0010000000000008812603 0.92961301667360951573
0.0020000000000008812812 0.92961612548575867088
0.003000000000000881302 0.92962130683934041109
0.0040000000000008813228 0.92962856073435518045
0.0050000000000008813436 0.92963788717080242385
0.0060000000000008813644 0.92964928614868258538
0.0070000000000008813852 0.92966275766799533198
0.0080000000000008814061 0.9296783017287409967
0.0090000000000008822942 0.92969591833091924649
0.010000000000000883182 0.9297156074745304144
0.011000000000000884071 0.92973736915957405635
0.012000000000000884959 0.92976120338605061644
0.013000000000000885847 0.92978711015395998363
0.014000000000000886735 0.92981508946330193588
0.015000000000000887623 0.92984514131407669524
0.016000000000000888511 0.9298772657062842617
0.0170000000000008894 0.92991146263992452425
0.018000000000000890288 0.92994773211499759391
0.019000000000000891176 0.92998607413150324863
0.020000000000000892064 0.93002648868944171046
0.021000000000000892952 0.93006897578881286837
0.022000000000000893841 0.93011353542961683338
0.023000000000000894729 0.93016016761185371653
0.024000000000000895617 0.93020887233552318474
0.025000000000000896505 0.93025964960062534903
0.026000000000000897393 0.93031249940716020941
0.027000000000000898281 0.93036742175512787689
0.02800000000000089917 0.93042441664452835148
0.029000000000000900058 0.93048348407536152216
0.030000000000000900946 0.93054462404762738892
0.031000000000000901834 0.93060783656132606279
0.032000000000000902722 0.93067312161645754376
0.033000000000000903611 0.93074047921302160979
0.034000000000000904499 0.93080990935101848294
0.035000000000000905387 0.93088141203044816319
0.036000000000000906275 0.93095498725131053952
0.037000000000000907163 0.93103063501360561194
0.038000000000000908051 0.93110835531733349146
0.03900000000000090894 0.93118814816249406707
0.040000000000000909828 0.93127001354908744979
0.041000000000000910716 0.93135395147711341757
0.042000000000000911604 0.93143996194657230348
0.043000000000000912492 0.93152804495746388547
0.04400000000000091338 0.93161820050978816354
0.045000000000000914269 0.93171042860354524873
0.046000000000000915157 0.93180472923873514102
0.047000000000000916045 0.93190110241535761837
0.048000000000000916933 0.93199954813341290283
0.049000000000000917821 0.93210006639290088337
0.05000000000000091871 0.93220265719382167102
0.051000000000000919598 0.93230732053617515476
0.052000000000000920486 0.9324140564199614456
0.053000000000000921374 0.93252286484518043252
0.054000000000000922262 0.93263374581183222656
0.05500000000000092315 0.93274669931991671668
0.056000000000000924039 0.93286172536943379185
0.057000000000000924927 0.93297882396038389619
0.058000000000000925815 0.93309799509276658558
0.059000000000000926703 0.93321923876658197106
0.060000000000000927591 0.93334255498183016364
0.06100000000000092848 0.93346794373851116333
0.062000000000000929368 0.93359540503662485911
0.063000000000000930256 0.93372493887617125097
0.064000000000000931144 0.93385654525715044993
0.065000000000000932032 0.93399022417956234499
0.06600000000000093292 0.93412597564340704714
0.067000000000000933809 0.93426379964868433436
0.068000000000000934697 0.93440369619539442869
0.069000000000000935585 0.93454566528353733013
0.070000000000000936473 0.93468970691311292764
0.071000000000000937361 0.93483582108412144329
0.072000000000000938249 0.93498400779656243298
0.073000000000000939138 0.9351342670504363408
0.074000000000000940026 0.9352865988457429447
0.075000000000000940914 0.9354410031824823557
0.076000000000000941802 0.9355974800606544628
0.07700000000000094269 0.93575602948025915495
0.078000000000000943579 0.93591665144129687626
0.079000000000000944467 0.9360793459437670716
0.080000000000000945355 0.93624411298767007406
0.081000000000000946243 0.93641095257300588361
0.082000000000000947131 0.93657986469977438926
0.083000000000000948019 0.93675084936797570201
0.084000000000000948908 0.93692390657760971084
0.085000000000000949796 0.93709903632867641576
0.086000000000000950684 0.93727623862117592779
0.087000000000000951572 0.9374555134551081359
0.08800000000000095246 0.93763686083047326214
0.089000000000000953349 0.93782028074727097344
0.090000000000000954237 0.93800577320550149185
0.091000000000000955125 0.93819333820516470634
0.092000000000000956013 0.93838297574626061692
0.093000000000000956901 0.93857468582878922359
0.094000000000000957789 0.93876846845275074838
0.095000000000000958678 0.93896432361814485823
0.096000000000000959566 0.93916225132497188621
0.097000000000000960454 0.93936225157323161028
0.098000000000000961342 0.93956432436292391941
0.09900000000000096223 0.93976846969404925769
0.10000000000000096312 0.93997468756660695899
0.10100000000000096401 0.94018297798059768944
0.10200000000000096489 0.94039334093602111597
0.10300000000000096578 0.94060577643287723859
0.10400000000000096667 0.94082028447116616832
0.10500000000000096756 0.9410368650508876831
0.10600000000000096845 0.94125551817204211602
0.10700000000000096934 0.94147624383462924502
0.10800000000000097022 0.94169904203864907011
0.10900000000000097111 0.94192391278410159128
0.110000000000000972 0.94215085607098703058
0.11100000000000097289 0.94237987189930505494
0.11200000000000097378 0.94261096026905588641
0.11300000000000097466 0.94284412118023941396
0.11400000000000097555 0.94307935463285574862
0.11500000000000097644 0.94331666062690489039
0.11600000000000097733 0.94355603916238650619
0.11700000000000097822 0.94379749023930115115
0.11800000000000097911 0.94404101385764838117
0.11900000000000097999 0.9442866100174284183
0.12000000000000098088 0.94453427871864104048
0.12100000000000098177 0.94478401996128669182
0.12200000000000098266 0.94503583374536492823
0.12300000000000098355 0.94528972007087586071
0.12400000000000098443 0.94554567893781960031
0.12500000000000097145 0.94580371034619614701
0.12600000000000097233 0.94606381429600527877
0.12700000000000097322 0.94632599078724721764
0.12800000000000097411 0.94659023981992196362
0.129000000000000975 0.94685656139402940568
0.13000000000000097589 0.94712495550956954382
0.13100000000000097677 0.94739542216654248907
0.13200000000000097766 0.94766796136494824143
0.13300000000000097855 0.94794257310478668987
0.13400000000000097944 0.9482192573860578344
0.13500000000000098033 0.94849801420876178604
0.13600000000000098122 0.94877884357289832273
0.1370000000000009821 0.94906174547846777756
0.13800000000000098299 0.94934671992546981745
0.13900000000000098388 0.94963376691390477546
0.14000000000000098477 0.94992288644377231854
0.14100000000000098566 0.95021407851507255771
0.14200000000000098654 0.95050734312780582602
0.14300000000000098743 0.95080268028197156838
0.14400000000000098832 0.95110008997757011784
0.14500000000000098921 0.95139957221460147441
0.1460000000000009901 0.95170112699306552706
0.14700000000000099099 0.95200475431296238682
0.14800000000000099187 0.95231045417429194266
0.14900000000000099276 0.95261822657705430561
0.15000000000000099365 0.95292807152124936465
0.15100000000000099454 0.95323998900687711977
0.15200000000000099543 0.95355397903393779302
0.15300000000000099631 0.95387004160243094031
0.1540000000000009972 0.9541881767123568947
0.15500000000000099809 0.95450838436371576723
0.15600000000000099898 0.95483066455650733584
0.15700000000000099987 0.95515501729073148951
0.15800000000000100076 0.95548144256638833927
0.15900000000000100164 0.95580994038347821817
0.16000000000000100253 0.95614051074200068214
0.16100000000000100342 0.9564731536419558422
0.16200000000000100431 0.95680786908334380936
0.1630000000000010052 0.9571446570661644726
0.16400000000000100608 0.95748351759041794296
0.16500000000000100697 0.95782445065610422041
0.16600000000000100786 0.95816745626322297191
0.16700000000000100875 0.95851253441177475256
0.16800000000000100964 0.95885968510175911828
0.16900000000000101052 0.95920890833317629109
0.17000000000000101141 0.95956020410602616
0.1710000000000010123 0.95991357242030883601
0.17200000000000101319 0.9602690132760242081
0.17300000000000101408 0.96062652667317227628
0.17400000000000101497 0.96098611261175326259
0.17500000000000101585 0.96134777109176683396
0.17600000000000101674 0.96171150211321310142
0.17700000000000101763 0.962077305676092287
0.17800000000000101852 0.96244518178040405765
0.17900000000000101941 0.96281513042614874642
0.18000000000000102029 0.96318715161332602026
0.18100000000000102118 0.96356124534193610121
0.18200000000000102207 0.96393741161197898926
0.18300000000000102296 0.96431565042345446237
0.18400000000000102385 0.96469596177636274259
0.18500000000000102474 0.96507834567070371889
0.18600000000000102562 0.96546280210647761333
0.18700000000000102651 0.96584933108368409282
0.1880000000000010274 0.96623793260232326841
0.18900000000000102829 0.96662860666239525109
0.19000000000000102918 0.96702135326390015191
0.19100000000000103006 0.96741617240683763779
0.19200000000000103095 0.96781306409120781975
0.19300000000000103184 0.96821202831701080882
0.19400000000000103273 0.96861306508424649397
0.19500000000000103362 0.96901617439291509726
0.19600000000000103451 0.9694213562430162856
0.19700000000000103539 0.96982861063455028106
0.19800000000000103628 0.97023793756751697259
0.19900000000000103717 0.97064933704191636021
0.20000000000000103806 0.97106280905774844392
0.20100000000000103895 0.97147835361501355678
0.20200000000000103983 0.97189597071371103265
0.20300000000000104072 0.97231566035384153768
0.20400000000000104161 0.97273742253540473879
0.2050000000000010425 0.97316125725840052496
0.20600000000000104339 0.97358716452282922926
0.20700000000000104428 0.97401514432869062965
0.20800000000000104516 0.97444519667598472612
0.20900000000000104605 0.97487732156471151868
0.21000000000000104694 0.97531151899487122936
0.21100000000000104783 0.97574778896646341408
0.21200000000000104872 0.97618613147948862796
0.2130000000000010496 0.97662654653394653792
0.21400000000000105049 0.97706903412983714396
0.21500000000000105138 0.97751359426716044609
0.21600000000000105227 0.97796022694591644431
0.21700000000000105316 0.97840893216610513861
0.21800000000000105405 0.97885970992772675103
0.21900000000000105493 0.97931256023078105954
0.22000000000000105582 0.97976748307526817516
0.22100000000000105671 0.98022447846118787584
0.2220000000000010576 0.98068354638854038363
0.22300000000000105849 0.9811446868573255875
0.22400000000000105937 0.9816078998675437095
0.22500000000000106026 0.98207318541919452759
0.22600000000000106115 0.98254054351227793074
0.22700000000000106204 0.98300997414679414099
0.22800000000000106293 0.98348147732274315835
0.22900000000000106382 0.9839550530401248718
0.2300000000000010647 0.98443070129893928133
0.23100000000000106559 0.98490842209918649797
0.23200000000000106648 0.98538821544086652171
0.23300000000000106737 0.98587008132397913052
0.23400000000000106826 0.98635401974852465745
0.23500000000000106914 0.98684003071450265843
0.23600000000000107003 0.98732811422191368855
0.23700000000000107092 0.98781827027075730374
0.23800000000000107181 0.98831049886103372604
0.2390000000000010727 0.98880479999274295544
0.24000000000000107359 0.9893011736658847699
0.24100000000000107447 0.98979961988045939147
0.24200000000000107536 0.99030013863646670913
0.24300000000000107625 0.99080272993390694491
0.24400000000000107714 0.99130739377277976576
0.24500000000000107803 0.99181413015308539372
0.24600000000000107891 0.99232293907482371775
0.2470000000000010798 0.9928338205379948489
0.24800000000000108069 0.99334677454259867613
0.24900000000000108158 0.99386180108863531046
0.25000000000000105471 0.99437890017610452986
0.2510000000000010556 0.99489807180500655637
0.25200000000000105649 0.99541931597534138998
0.25300000000000105738 0.99594263268710891968
0.25400000000000105826 0.99646802194030925648
0.25500000000000105915 0.99699548373494228937
0.25600000000000106004 0.99752501807100801834
0.25700000000000106093 0.99805662494850655442
0.25800000000000106182 0.99859030436743778658
0.25900000000000106271 0.99912605632780171483
0.26000000000000106359 0.99966388082959867223
0.26100000000000106448 1.0002037778728281037
0.26200000000000106537 1.0007457474574903422
0.26300000000000106626 1.0012897895835852768
0.26400000000000106715 1.0018359042511129076
0.26500000000000106803 1.0023840914600734564
0.26600000000000106892 1.0029343512104667013
0.26700000000000106981 1.0034866835022926423
0.2680000000000010707 1.0040410883355512794
0.26900000000000107159 1.0045975657102426126
0.27000000000000107248 1.0051561156263668639
0.27100000000000107336 1.0057167380839238113
0.27200000000000107425 1.0062794330829134548
0.27300000000000107514 1.0068442006233357944
0.27400000000000107603 1.0074110407051910521
0.27500000000000107692 1.0079799533284787838
0.2760000000000010778 1.0085509384931994337
0.27700000000000107869 1.0091239961993530017
0.27800000000000107958 1.0096991264469390437
0.27900000000000108047 1.0102763292359580038
0.28000000000000108136 1.010855604566409438
0.28100000000000108225 1.0114369524382937904
0.28200000000000108313 1.0120203728516108388
0.28300000000000108402 1.0126058658063608053
0.28400000000000108491 1.0131934313025432459
0.2850000000000010858 1.0137830693401586046
0.28600000000000108669 1.0143747799192066594
0.28700000000000108757 1.0149685630396874103
0.28800000000000108846 1.0155644187016010793
0.28900000000000108935 1.0161623469049472224
0.29000000000000109024 1.0167623476497262835
0.29100000000000109113 1.0173644209359380408
0.29200000000000109202 1.0179685667635824942
0.2930000000000010929 1.0185747851326598656
0.29400000000000109379 1.0191830760431697112
0.29500000000000109468 1.0197934394951126968
0.29600000000000109557 1.0204058754884879345
0.29700000000000109646 1.0210203840232963124
0.29800000000000109734 1.0216369650995371643
0.29900000000000109823 1.0222556187172109343
0.30000000000000109912 1.0228763448763174004
0.30100000000000110001 1.0234991435768567847
0.3020000000000011009 1.024124014818828643
0.30300000000000110179 1.0247509586022331973
0.30400000000000110267 1.0253799749270706698
0.30500000000000110356 1.0260110637933408384
0.30600000000000110445 1.0266442252010437031
0.30700000000000110534 1.0272794591501794859
0.30800000000000110623 1.0279167656407477427
0.30900000000000110711 1.0285561446727489177
0.310000000000001108 1.0291975962461827887
0.31100000000000110889 1.0298411203610495779
0.31200000000000110978 1.0304867170173488411
0.31300000000000111067 1.0311343862150810224
0.31400000000000111156 1.0317841279542456778
0.31500000000000111244 1.0324359422348434734
0.31600000000000111333 1.033089829056873743
0.31700000000000111422 1.0337457884203369307
0.31800000000000111511 1.0344038203252325925
0.319000000000001116 1.0350639247715611724
0.32000000000000111688 1.0357261017593226704
0.32100000000000111777 1.0363903512885166425
0.32200000000000111866 1.0370566733591433106
0.32300000000000111955 1.0377250679712028969
0.32400000000000112044 1.0383955351246951793
0.32500000000000112133 1.0390680748196203798
0.32600000000000112221 1.0397426870559780543
0.3270000000000011231 1.040419371833768647
0.32800000000000112399 1.0410981291529917137
0.32900000000000112488 1.0417789590136479205
0.33000000000000112577 1.0424618614157366014
0.33100000000000112665 1.0431468363592577564
0.33200000000000112754 1.0438338838442120515
0.33300000000000112843 1.0445230038705990427
0.33400000000000112932 1.0452141964384189521
0.33500000000000113021 1.0459074615476713355
0.3360000000000011311 1.0466027991983564149
0.33700000000000113198 1.0473002093904744125
0.33800000000000113287 1.0479996921240251062
0.33900000000000113376 1.048701247399008718
0.34000000000000113465 1.0494048752154248039
0.34100000000000113554 1.0501105755732735858
0.34200000000000113642 1.0508183484725552859
0.34300000000000113731 1.051528193913269682
0.3440000000000011382 1.0522401118954167742
0.34500000000000113909 1.0529541024189967846
0.34600000000000113998 1.053670165484009269
0.34700000000000114087 1.0543883010904546715
0.34800000000000114175 1.0551085092383327702
0.34900000000000114264 1.0558307899276435649
0.35000000000000114353 1.0565551431583872777
0.35100000000000114442 1.0572815689305636866
0.35200000000000114531 1.0580100672441725695
0.35300000000000114619 1.0587406380992143706
0.35400000000000114708 1.0594732814956888678
0.35500000000000114797 1.0602079974335965051
0.35600000000000114886 1.0609447859129363945
0.35700000000000114975 1.0616836469337092019
0.35800000000000115064 1.0624245804959147055
0.35900000000000115152 1.0631675865995529051
0.36000000000000115241 1.0639126652446240229
0.3610000000000011533 1.0646598164311276147
0.36200000000000115419 1.0654090401590643467
0.36300000000000115508 1.0661603364284335527
0.36400000000000115596 1.0669137052392354548
0.36500000000000115685 1.067669146591470275
0.36600000000000115774 1.0684266604851377913
0.36700000000000115863 1.0691862469202380037
0.36800000000000115952 1.0699479058967709122
0.36900000000000116041 1.0707116374147367388
0.37000000000000116129 1.0714774414741352615
0.37100000000000116218 1.0722453180749662582
0.37200000000000116307 1.0730152672172301731
0.37300000000000116396 1.0737872889009270061
0.37400000000000116485 1.0745613831260563131
0.37500000000000116573 1.0753375498926185383
0.37600000000000116662 1.0761157892006134595
0.37700000000000116751 1.0768961010500410769
0.3780000000000011684 1.0776784854409013903
0.37900000000000116929 1.0784629423731943998
0.38000000000000117018 1.0792494718469205495
0.38100000000000117106 1.0800380738620789511
0.38200000000000117195 1.0808287484186702709
0.38300000000000117284 1.0816214955166945089
0.38400000000000117373 1.0824163151561514429
0.38500000000000117462 1.083213207337041073
0.3860000000000011755 1.0840121720593633992
0.38700000000000117639 1.0848132093231184214
0.38800000000000117728 1.0856163191283061398
0.38900000000000117817 1.0864215014749265542
0.39000000000000117906 1.0872287563629801088
0.39100000000000117995 1.0880380837924661375
0.39200000000000118083 1.0888494837633848622
0.39300000000000118172 1.089662956275736283
0.39400000000000118261 1.090478501329520622
0.3950000000000011835 1.091296118924737657
0.39600000000000118439 1.0921158090613873881
0.39700000000000118527 1.0929375717394700374
0.39800000000000118616 1.0937614069589851606
0.39900000000000118705 1.0945873147199332021
0.40000000000000118794 1.0954152950223139396
0.40100000000000118883 1.0962453478661273731
0.40200000000000118971 1.0970774732513737248
0.4030000000000011906 1.0979116711780525506
0.40400000000000119149 1.0987479416461642945
0.40500000000000119238 1.0995862846557087344
0.40600000000000119327 1.1004267002066858705
0.40700000000000119416 1.1012691882990959247
0.40800000000000119504 1.1021137489329386749
0.40900000000000119593 1.1029603821082138992
0.41000000000000119682 1.1038090878249220417
0.41100000000000119771 1.1046598660830628802
0.4120000000000011986 1.1055127168826366368
0.41300000000000119948 1.1063676402236428675
0.41400000000000120037 1.1072246361060820163
0.41500000000000120126 1.1080837045299540833
0.41600000000000120215 1.1089448454952586243
0.41700000000000120304 1.1098080590019958613
0.41800000000000120393 1.1106733450501660165
0.41900000000000120481 1.1115407036397690899
0.4200000000000012057 1.1124101347708046372
0.42100000000000120659 1.1132816384432728807
0.42200000000000120748 1.1141552146571738202
0.42300000000000120837 1.1150308634125076779
0.42400000000000120925 1.1159085847092742316
0.42500000000000121014 1.1167883785474734815
0.42600000000000121103 1.1176702449271056494
0.42700000000000121192 1.1185541838481705135
0.42800000000000121281 1.1194401953106680736
0.4290000000000012137 1.1203282793145983298
0.43000000000000121458 1.1212184358599612821
0.43100000000000121547 1.1221106649467569305
0.43200000000000121636 1.123004966574985275
0.43300000000000121725 1.1239013407446467596
0.43400000000000121814 1.1247997874557407183
0.43500000000000121902 1.1257003067082673731
0.43600000000000121991 1.126602898502226946
0.4370000000000012208 1.1275075628376189929
0.43800000000000122169 1.128414299714443958
0.43900000000000122258 1.1293231091327016191
0.44000000000000122347 1.1302339910923921984
0.44100000000000122435 1.1311469455935152517
0.44200000000000122524 1.1320619726360714452
0.44300000000000122613 1.1329790722200598907
0.44400000000000122702 1.1338982443454812543
0.44500000000000122791 1.1348194890123355361
0.44600000000000122879 1.1357428062206225139
0.44700000000000122968 1.1366681959703419658
0.44800000000000123057 1.1375956582614943358
0.44900000000000123146 1.1385251930940796239
0.45000000000000123235 1.1394568004680973861
0.45100000000000123324 1.1403904803835480664
0.45200000000000123412 1.1413262328404312207
0.45300000000000123501 1.1422640578387475152
0.4540000000000012359 1.1432039553784962838
0.45500000000000123679 1.1441459254596777484
0.45600000000000123768 1.1450899680822921312
0.45700000000000123856 1.1460360832463394321
0.45800000000000123945 1.1469842709518189849
0.45900000000000124034 1.147934531198731678
0.46000000000000124123 1.1488868639870768451
0.46100000000000124212 1.1498412693168549303
0.46200000000000124301 1.1507977471880657117
0.46300000000000124389 1.1517562976007091891
0.46400000000000124478 1.1527169205547855846
0.46500000000000124567 1.1536796160502946762
0.46600000000000124656 1.1546443840872364639
0.46700000000000124745 1.1556112246656107256
0.46800000000000124833 1.1565801377854181275
0.46900000000000124922 1.1575511234466582255
0.47000000000000125011 1.1585241816493307976
0.471000000000001251 1.1594993123934360657
0.47200000000000125189 1.160476515678974474
0.47300000000000125278 1.1614557915059455784
0.47400000000000125366 1.1624371398743491568
0.47500000000000125455 1.1634205607841854313
0.47600000000000125544 1.164406054235454846
0.47700000000000125633 1.1653936202281565127
0.47800000000000125722 1.1663832587622913195
0.4790000000000012581 1.1673749698378586004
0.48000000000000125899 1.1683687534548587994
0.48100000000000125988 1.1693646096132916945
0.48200000000000126077 1.1703625383131572857
0.48300000000000126166 1.171362539554455795
0.48400000000000126255 1.1723646133371867784
0.48500000000000126343 1.1733687596613509019
0.48600000000000126432 1.1743749785269472774
0.48700000000000126521 1.1753832699339765711
0.4880000000000012661 1.1763936338824387828
0.48900000000000126699 1.1774060703723336907
0.49000000000000126787 1.1784205794036610726
0.49100000000000126876 1.1794371609764213726
0.49200000000000126965 1.1804558150906145908
0.49300000000000127054 1.181476541746240283
0.49400000000000127143 1.1824993409432988933
0.49500000000000127232 1.1835242126817901998
0.4960000000000012732 1.1845511569617144243
0.49700000000000127409 1.1855801737830711229
0.49800000000000127498 1.1866112631458607396
0.49900000000000127587 1.1876444250500828304
0.50000000000000122125 1.1886796594957378392
0.50100000000000122213 1.1897169664828255442
0.50200000000000122302 1.1907563460113461673
0.50300000000000122391 1.1917977980812990424
0.5040000000000012248 1.1928413226926852797
0.50500000000000122569 1.1938869198455039911
0.50600000000000122657 1.1949345895397553985
0.50700000000000122746 1.195984331775439502
0.50800000000000122835 1.1970361465525565237
0.50900000000000122924 1.1980900338711062414
0.51000000000000123013 1.1991459937310888773
0.51100000000000123102 1.2002040261325037651
0.5120000000000012319 1.2012641310753517931
0.51300000000000123279 1.2023263085596325173
0.51400000000000123368 1.2033905585853459375
0.51500000000000123457 1.2044568811524920537
0.51600000000000123546 1.2055252762610708661
0.51700000000000123634 1.2065957439110825966
0.51800000000000123723 1.2076682841025270232
0.51900000000000123812 1.2087428968354039238
0.52000000000000123901 1.2098195821097139646
0.5210000000000012399 1.2108983399254567015
0.52200000000000124079 1.2119791702826316904
0.52300000000000124167 1.2130620731812398194
0.52400000000000124256 1.2141470486212806446
0.52500000000000124345 1.2152340966027543878
0.52600000000000124434 1.2163232171256606051
0.52700000000000124523 1.2174144101899997406
0.52800000000000124611 1.2185076757957715721
0.529000000000001247 1.2196030139429760997
0.53000000000000124789 1.2207004246316133234
0.53100000000000124878 1.2217999078616834652
0.53200000000000124967 1.2229014636331863031
0.53300000000000125056 1.224005091946121615
0.53400000000000125144 1.2251107928004898451
0.53500000000000125233 1.2262185661962909933
0.53600000000000125322 1.2273284121335246155
0.53700000000000125411 1.2284403306121911559
0.538000000000001255 1.2295543216322906144
0.53900000000000125588 1.2306703851938223249
0.54000000000000125677 1.2317885212967869535
0.54100000000000125766 1.2329087299411845002
0.54200000000000125855 1.2340310111270147431
0.54300000000000125944 1.235155364854277682
0.54400000000000126033 1.236281791122973317
0.54500000000000126121 1.2374102899331018701
0.5460000000000012621 1.2385408612846631193
0.54700000000000126299 1.2396735051776570646
0.54800000000000126388 1.240808221612083484
0.54900000000000126477 1.2419450105879430435
0.55000000000000126565 1.243083872105235077
0.55100000000000126654 1.2442248061639600287
0.55200000000000126743 1.2453678127641174544
0.55300000000000126832 1.2465128919057080203
0.55400000000000126921 1.2476600435887310603
0.5550000000000012701 1.2488092678131870183
0.55600000000000127098 1.2499605645790754505
0.55700000000000127187 1.2511139338863968007
0.55800000000000127276 1.252269375735150847
0.55900000000000127365 1.2534268901253378115
0.56000000000000127454 1.2545864770569572499
0.56100000000000127542 1.2557481365300096066
0.56200000000000127631 1.2569118685444948813
0.5630000000000012772 1.258077673100412408
0.56400000000000127809 1.259245550197763075
0.56500000000000127898 1.260415499836546438
0.56600000000000127987 1.261587522016762497
0.56700000000000128075 1.2627616167384110302
0.56800000000000128164 1.2639377840014927035
0.56900000000000128253 1.2651160238060070728
0.57000000000000128342 1.2662963361519539163
0.57100000000000128431 1.2674787210393336778
0.57200000000000128519 1.2686631784681461355
0.57300000000000128608 1.2698497084383912892
0.57400000000000128697 1.271038310950069361
0.57500000000000128786 1.2722289860031799069
0.57600000000000128875 1.273421733597723593
0.57700000000000128964 1.2746165537336997531
0.57800000000000129052 1.2758134464111088313
0.57900000000000129141 1.2770124116299503836
0.5800000000000012923 1.278213449390224854
0.58100000000000129319 1.2794165596919317984
0.58200000000000129408 1.280621742535071883
0.58300000000000129496 1.2818289979196444417
0.58400000000000129585 1.2830383258456499185
0.58500000000000129674 1.2842497263130878693
0.58600000000000129763 1.2854631993219589603
0.58700000000000129852 1.2866787448722625253
0.58800000000000129941 1.2878963629639990085
0.58900000000000130029 1.2891160535971681877
0.59000000000000130118 1.2903378167717700631
0.59100000000000130207 1.2915616524878044125
0.59200000000000130296 1.29278756074527168
0.59300000000000130385 1.2940155415441718656
0.59400000000000130473 1.2952455948845047473
0.59500000000000130562 1.2964777207662703251
0.59600000000000130651 1.297711919189468599
0.5970000000000013074 1.298948190154099569
0.59800000000000130829 1.3001865336601634571
0.59900000000000130917 1.3014269497076598192
0.60000000000000131006 1.3026694382965890995
0.60100000000000131095 1.3039139994269512979
0.60200000000000131184 1.3051606330987461924
0.60300000000000131273 1.3064093393119735609
0.60400000000000131362 1.3076601180666336255
0.6050000000000013145 1.3089129693627268303
0.60600000000000131539 1.3101678932002527311
0.60700000000000131628 1.311424889579210884
0.60800000000000131717 1.312683958499602177
0.60900000000000131806 1.3139450999614261661
0.61000000000000131894 1.3152083139646830734
0.61100000000000131983 1.3164736005093724547
0.61200000000000132072 1.3177409595954945321
0.61300000000000132161 1.3190103912230495276
0.6140000000000013225 1.3202818953920372191
0.61500000000000132339 1.3215554721024576068
0.61600000000000132427 1.3228311213543106906
0.61700000000000132516 1.3241088431475966924
0.61800000000000132605 1.3253886374823153904
0.61900000000000132694 1.3266705043584665624
0.62000000000000132783 1.3279544437760506526
0.62100000000000132871 1.3292404557350676608
0.6220000000000013296 1.3305285402355173652
0.62300000000000133049 1.3318186972773997656
0.62400000000000133138 1.3331109268607148621
0.62500000000000133227 1.3344052289854626547
0.62600000000000133316 1.3357016036516433655
0.62700000000000133404 1.3370000508592565502
0.62800000000000133493 1.3383005706083026531
0.62900000000000133582 1.3396031628987814521
0.63000000000000133671 1.3409078277306929472
0.6310000000000013376 1.3422145651040373604
0.63200000000000133848 1.3435233750188144697
0.63300000000000133937 1.344834257475024053
0.63400000000000134026 1.3461472124726667765
0.63500000000000134115 1.3474622400117421961
0.63600000000000134204 1.3487793400922498677
0.63700000000000134293 1.3500985127141909015
0.63800000000000134381 1.3514197578775644093
0.6390000000000013447 1.3527430755823706132
0.64000000000000134559 1.3540684658286095132
0.64100000000000134648 1.3553959286162811093
0.64200000000000134737 1.3567254639453856235
0.64300000000000134825 1.3580570718159228338
0.64400000000000134914 1.3593907522278927402
0.64500000000000135003 1.3607265051812955647
0.64600000000000135092 1.3620643306761310853
0.64700000000000135181 1.363404228712399302
0.6480000000000013527 1.3647461992901002148
0.64900000000000135358 1.3660902424092338237
0.65000000000000135447 1.3674363580698003506
0.65100000000000135536 1.3687845462717995737
0.65200000000000135625 1.3701348070152314929
0.65300000000000135714 1.3714871403000961081
0.65400000000000135802 1.3728415461263934194
0.65500000000000135891 1.3741980244941234268
0.6560000000000013598 1.3755565754032863524
0.65700000000000136069 1.376917198853882196
0.65800000000000136158 1.3782798948459105137
0.65900000000000136247 1.3796446633793713055
0.66000000000000136335 1.3810115044542652374
0.66100000000000136424 1.3823804180705918654
0.66200000000000136513 1.3837514042283514115
0.66300000000000136602 1.3851244629275434317
0.66400000000000136691 1.3864995941681681479
0.66500000000000136779 1.3878767979502257823
0.66600000000000136868 1.3892560742737161128
0.66700000000000136957 1.3906374231386389173
0.66800000000000137046 1.3920208445449946399
0.66900000000000137135 1.3934063384927832807
0.67000000000000137224 1.3947939049820046176
0.67100000000000137312 1.3961835440126586505
0.67200000000000137401 1.3975752555847453795
0.6730000000000013749 1.3989690396982650267
0.67400000000000137579 1.4003648963532171479
0.67500000000000137668 1.4017628255496021872
0.67600000000000137756 1.4031628272874199226
0.67700000000000137845 1.4045649015666703541
0.67800000000000137934 1.4059690483873534816
0.67900000000000138023 1.4073752677494697494
0.68000000000000138112 1.4087835596530180471
0.68100000000000138201 1.410193924097999707
0.68200000000000138289 1.411606361084413841
0.68300000000000138378 1.413020870612260671
0.68400000000000138467 1.4144374526815404192
0.68500000000000138556 1.4158561072922528634
0.68600000000000138645 1.4172768344443980038
0.68700000000000138733 1.4186996341379758402
0.68800000000000138822 1.4201245063729865947
0.68900000000000138911 1.4215514511494300454
0.69000000000000139 1.4229804684673061921
0.69100000000000139089 1.4244115583266150349
0.69200000000000139178 1.4258447207273565738
0.69300000000000139266 1.4272799556695310308
0.69400000000000139355 1.4287172631531381839
0.69500000000000139444 1.4301566431781780331
0.69600000000000139533 1.4315980957446505784
0.69700000000000139622 1.4330416208525558197
0.6980000000000013971 1.4344872185018939792
0.69900000000000139799 1.4359348886926646127
0.70000000000000139888 1.4373846314248681644
0.70100000000000139977 1.4388364466985046342
0.70200000000000140066 1.440290334513573578
0.70300000000000140155 1.4417462948700754399
0.70400000000000140243 1.443204327768009998
0.70500000000000140332 1.4446644332073772521
0.70600000000000140421 1.4461266111881769802
0.7070000000000014051 1.4475908617104096265
0.70800000000000140599 1.449057184774075413
0.70900000000000140687 1.4505255803791736735
0.71000000000000140776 1.4519960485257046301
0.71100000000000140865 1.4534685892136682828
0.71200000000000140954 1.4549432024430648536
0.71300000000000141043 1.4564198882138938984
0.71400000000000141132 1.4578986465261560834
0.7150000000000014122 1.4593794773798507425
0.71600000000000141309 1.4608623807749780976
0.71700000000000141398 1.4623473567115383709
0.71800000000000141487 1.4638344051895313402
0.71900000000000141576 1.4653235262089570057
0.72000000000000141664 1.4668147197698153672
0.72100000000000141753 1.4683079858721064248
0.72200000000000141842 1.4698033245158304005
0.72300000000000141931 1.4713007357009868503
0.7240000000000014202 1.4728002194275764403
0.72500000000000142109 1.4743017756955985043
0.72600000000000142197 1.4758054045050532643
0.72700000000000142286 1.4773111058559409425
0.72800000000000142375 1.4788188797482613168
0.72900000000000142464 1.4803287261820143872
0.73000000000000142553 1.4818406451572001536
0.73100000000000142641 1.4833546366738188382
0.7320000000000014273 1.4848707007318702189
0.73300000000000142819 1.4863888373313542957
0.73400000000000142908 1.4879090464722710685
0.73500000000000142997 1.4894313281546207595
0.73600000000000143086 1.4909556823784029245
0.73700000000000143174 1.4924821091436177856
0.73800000000000143263 1.4940106084502657868
0.73900000000000143352 1.4955411802983462621
0.74000000000000143441 1.4970738246878594335
0.7410000000000014353 1.498608541618805523
0.74200000000000143618 1.5001453310911843086
0.74300000000000143707 1.5016841931049957903
0.74400000000000143796 1.5032251276602397461
0.74500000000000143885 1.504768134756917064
0.74600000000000143974 1.506313214395026856
0.74700000000000144063 1.507860366574569122
0.74800000000000144151 1.5094095912955443062
0.7490000000000014424 1.5109608885579524085
0.75000000000000144329 1.5125142583617929848
0.75100000000000144418 1.5140697007070664792
0.75200000000000144507 1.5156272155937724477
0.75300000000000144595 1.5171868030219115564
0.75400000000000144684 1.5187484629914833612
0.75500000000000144773 1.5203121955024876399
0.75600000000000144862 1.5218780005549248369
0.75700000000000144951 1.5234458781487947299
0.7580000000000014504 1.525015828284097319
0.75900000000000145128 1.5265878509608328262
0.76000000000000145217 1.5281619461790008074
0.76100000000000145306 1.5297381139386017068
0.76200000000000145395 1.5313163542396353023
0.76300000000000145484 1.5328966670821015938
0.76400000000000145572 1.5344790524660005815
0.76500000000000145661 1.5360635103913327093
0.7660000000000014575 1.5376500408580970891
0.76700000000000145839 1.5392386438662943871
0.76800000000000145928 1.5408293194159246031
0.76900000000000146017 1.5424220675069872932
0.77000000000000146105 1.5440168881394829015
0.77100000000000146194 1.5456137813134109837
0.77200000000000146283 1.5472127470287719841
0.77300000000000146372 1.5488137852855659027
0.77400000000000146461 1.5504168960837925173
0.77500000000000146549 1.552022079423451828
0.77600000000000146638 1.5536293353045438348
0.77700000000000146727 1.5552386637270685377
0.77800000000000146816 1.5568500646910261587
0.77900000000000146905 1.5584635381964162537
0.78000000000000146994 1.5600790842432390448
0.78100000000000147082 1.5616967028314947541
0.78200000000000147171 1.5633163939611833815
0.7830000000000014726 1.5649381576323044829
0.78400000000000147349 1.5665619938448585025
0.78500000000000147438 1.5681879025988452181
0.78600000000000147526 1.5698158838942646298
0.78700000000000147615 1.5714459377311167376
0.78800000000000147704 1.5730780641094017636
0.78900000000000147793 1.5747122630291192635
0.79000000000000147882 1.5763485344902699037
0.79100000000000147971 1.5779868784928530179
0.79200000000000148059 1.5796272950368688281
0.79300000000000148148 1.5812697841223175566
0.79400000000000148237 1.582914345749198981
0.79500000000000148326 1.5845609799175128796
0.79600000000000148415 1.5862096866272596962
0.79700000000000148503 1.587860465878439431
0.79800000000000148592 1.5895133176710516398
0.79900000000000148681 1.5911682420050969888
0.8000000000000014877 1.5928252388805748119
0.80100000000000148859 1.594484308297485109
0.80200000000000148948 1.5961454502558285462
0.80300000000000149036 1.5978086647556044575
0.80400000000000149125 1.5994739517968132869
0.80500000000000149214 1.6011413113794548124
0.80600000000000149303 1.6028107435035294781
0.80700000000000149392 1.6044822481690363958
0.8080000000000014948 1.6061558253759760095
0.80900000000000149569 1.6078314751243485414
0.81000000000000149658 1.6095091974141539914
0.81100000000000149747 1.6111889922453916935
0.81200000000000149836 1.6128708596180625356
0.81300000000000149925 1.6145547995321660739
0.81400000000000150013 1.6162408119877023083
0.81500000000000150102 1.6179288969846712387
0.81600000000000150191 1.6196190545230728652
0.8170000000000015028 1.6213112846029076319
0.81800000000000150369 1.6230055872241746506
0.81900000000000150457 1.6247019623868745875
0.82000000000000150546 1.6264004100910072204
0.82100000000000150635 1.6281009303365727714
0.82200000000000150724 1.6298035231235710185
0.82300000000000150813 1.6315081884520017397
0.82400000000000150902 1.6332149263218651569
0.8250000000000015099 1.6349237367331617143
0.82600000000000151079 1.6366346196858909678
0.82700000000000151168 1.6383475751800526954
0.82800000000000151257 1.6400626032156475631
0.82900000000000151346 1.6417797037926749049
0.83000000000000151434 1.6434988769111349427
0.83100000000000151523 1.6452201225710276766
0.83200000000000151612 1.6469434407723533287
0.83300000000000151701 1.6486688315151116768
0.8340000000000015179 1.6503962947993029431
0.83500000000000151879 1.6521258306249266834
0.83600000000000151967 1.6538574389919833418
0.83700000000000152056 1.6555911199004726964
0.83800000000000152145 1.6573268733503945249
0.83900000000000152234 1.6590646993417494937
0.84000000000000152323 1.6608045978745369364
0.84100000000000152411 1.6625465689487572973
0.842000000000001525 1.6642906125644103543
0.84300000000000152589 1.6660367287214958854
0.84400000000000152678 1.6677849174200145566
0.84500000000000152767 1.6695351786599659238
0.84600000000000152856 1.6712875124413497652
0.84700000000000152944 1.6730419187641667467
0.84800000000000153033 1.6747983976284159802
0.84900000000000153122 1.6765569490340983538
0.85000000000000153211 1.6783175729812132015
0.851000000000001533 1.6800802694697609674
0.85200000000000153388 1.6818450384997414293
0.85300000000000153477 1.6836118800711545873
0.85400000000000153566 1.6853807941840006634
0.85500000000000153655 1.6871517808382792136
0.85600000000000153744 1.6889248400339906819
0.85700000000000153833 1.6906999717711348463
0.85800000000000153921 1.6924771760497119288
0.8590000000000015401 1.6942564528697212634
0.86000000000000154099 1.696037802231163738
0.86100000000000154188 1.6978212241340389088
0.86200000000000154277 1.6996067185783467757
0.86300000000000154365 1.7013942855640875607
0.86400000000000154454 1.7031839250912605976
0.86500000000000154543 1.7049756371598667748
0.86600000000000154632 1.706769421769905648
0.86700000000000154721 1.7085652789213772174
0.86800000000000154809 1.7103632086142817048
0.86900000000000154898 1.7121632108486186663
0.87000000000000154987 1.7139652856243885459
0.87100000000000155076 1.7157694329415911216
0.87200000000000155165 1.7175756528002263934
0.87300000000000155254 1.7193839452002945833
0.87400000000000155342 1.7211943101417952473
0.87500000000000155431 1.7230067476247288294
0.8760000000000015552 1.7248212576490951076
0.87700000000000155609 1.7266378402148940818
0.87800000000000155698 1.7284564953221259742
0.87900000000000155786 1.7302772229707905627
0.88000000000000155875 1.7321000231608874032
0.88100000000000155964 1.7339248958924176058
0.88200000000000156053 1.7357518411653805046
0.88300000000000156142 1.7375808589797756554
0.88400000000000156231 1.7394119493356041684
0.88500000000000156319 1.7412451122328651554
0.88600000000000156408 1.7430803476715588385
0.88700000000000156497 1.7449176556516852177
0.88800000000000156586 1.746757036173244293
0.88900000000000156675 1.7485984892362362864
0.89000000000000156763 1.7504420148406609758
0.89100000000000156852 1.7522876129865185835
0.89200000000000156941 1.7541352836738084431
0.8930000000000015703 1.7559850269025316649
0.89400000000000157119 1.7578368426726873608
0.89500000000000157208 1.7596907309842757527
0.89600000000000157296 1.7615466918372966187
0.89700000000000157385 1.7634047252317506249
0.89800000000000157474 1.7652648311676373272
0.89900000000000157563 1.7671270096449565035
0.90000000000000157652 1.7689912606637088199
0.9010000000000015774 1.7708575842238933884
0.90200000000000157829 1.772725980325511097
0.90300000000000157918 1.7745964489685615018
0.90400000000000158007 1.7764689901530443805
0.90500000000000158096 1.7783436038789603995
0.90600000000000158185 1.7802202901463088924
0.90700000000000158273 1.7820990489550900815
0.90800000000000158362 1.7839798803053044107
0.90900000000000158451 1.785862784196951214
0.9100000000000015854 1.7877477606300307134
0.91100000000000158629 1.7896348096045431308
0.91200000000000158717 1.7915239311204878003
0.91300000000000158806 1.79341512517786561
0.91400000000000158895 1.7953083917766761157
0.91500000000000158984 1.7972037309169190955
0.91600000000000159073 1.7991011425985954375
0.91700000000000159162 1.8010006268217040315
0.9180000000000015925 1.8029021835862457657
0.91900000000000159339 1.8048058128922197518
0.92000000000000159428 1.8067115147396266561
0.92100000000000159517 1.8086192891284662565
0.92200000000000159606 1.810529136058738775
0.92300000000000159694 1.8124410555304439896
0.92400000000000159783 1.8143550475435819003
0.92500000000000159872 1.8162711120981527291
0.92600000000000159961 1.8181892491941560319
0.9270000000000016005 1.8201094588315922529
0.92800000000000160139 1.8220317410104611699
0.92900000000000160227 1.8239560957307627831
0.93000000000000160316 1.8258825229924973144
0.93100000000000160405 1.8278110227956643197
0.93200000000000160494 1.8297415951402644652
0.93300000000000160583 1.8316742400262970847
0.93400000000000160671 1.8336089574537621782
0.9350000000000016076 1.835545747422660412
0.93600000000000160849 1.8374846099329911198
0.93700000000000160938 1.8394255449847547457
0.93800000000000161027 1.8413685525779510677
0.93900000000000161116 1.8433136327125798637
0.94000000000000161204 1.8452607853886420219
0.94100000000000161293 1.8472100106061364322
0.94200000000000161382 1.8491613083650639826
0.94300000000000161471 1.851114678665423785
0.9440000000000016156 1.8530701215072167276
0.94500000000000161648 1.8550276368904419222
0.94600000000000161737 1.856987224815100479
0.94700000000000161826 1.8589488852811912878
0.94800000000000161915 1.8609126182887152368
0.94900000000000162004 1.8628784238376716598
0.95000000000000162093 1.8648463019280610009
0.95100000000000162181 1.8668162525598830381
0.9520000000000016227 1.8687882757331377714
0.95300000000000162359 1.8707623714478252008
0.95400000000000162448 1.8727385397039455484
0.95500000000000162537 1.8747167805014981479
0.95600000000000162625 1.8766970938404838876
0.95700000000000162714 1.8786794797209025454
0.95800000000000162803 1.8806639381427536772
0.95900000000000162892 1.8826504691060377272
0.96000000000000162981 1.8846390726107542513
0.9610000000000016307 1.8866297486569036934
0.96200000000000163158 1.8886224972444858317
0.96300000000000163247 1.890617318373500666
0.96400000000000163336 1.8926142120439484184
0.96500000000000163425 1.894613178255828867
0.96600000000000163514 1.8966142170091417896
0.96700000000000163602 1.8986173283038878523
0.96800000000000163691 1.9006225121400663891
0.9690000000000016378 1.902629768517677622
0.97000000000000163869 1.904639097436721773
0.97100000000000163958 1.9066504988971986201
0.97200000000000164047 1.9086639728991079412
0.97300000000000164135 1.9106795194424506246
0.97400000000000164224 1.9126971385272255599
0.97500000000000164313 1.9147168301534336354
0.97600000000000164402 1.9167385943210739629
0.97700000000000164491 1.9187624310301472086
0.97800000000000164579 1.9207883402806533724
0.97900000000000164668 1.9228163220725917881
0.98000000000000164757 1.9248463764059635661
0.98100000000000164846 1.9268785032807678181
0.98200000000000164935 1.9289127026970049883
0.98300000000000165024 1.9309489746546748545
0.98400000000000165112 1.9329873191537769728
0.98500000000000165201 1.9350277361943122312
0.9860000000000016529 1.9370702257762801857
0.98700000000000165379 1.9391147878996812803
0.98800000000000165468 1.941161422564514627
0.98900000000000165556 1.9432101297707808918
0.99000000000000165645 1.9452609095184796306
0.99100000000000165734 1.9473137618076117317
0.99200000000000165823 1.9493686866381758627
0.99300000000000165912 1.9514256840101729118
0.99400000000000166001 1.9534847539236031011
0.99500000000000166089 1.9555458963784655424
0.99600000000000166178 1.9576091113747611239
0.99700000000000166267 1.9596743989124889573
0.99800000000000166356 1.9617417589916503751
0.99900000000000166445 1.9638111916122440448
