x y
-1 -0.019161308298588197729
-0.99899999999999999911 -0.01942433874649140968
-0.99799999999999999822 -0.019685031600235713967
-0.99699999999999999734 -0.019943386859820888546
-0.99599999999999999645 -0.02019940452524804364
-0.99499999999999999556 -0.020453084596516291072
-0.99399999999999999467 -0.020704427073625852884
-0.99299999999999999378 -0.020953431956576729078
-0.99199999999999999289 -0.021200099245368919654
-0.99099999999999999201 -0.021444428940001980521
-0.98999999999999999112 -0.021686421040476577815
-0.98899999999999999023 -0.021926075546792711535
-0.98799999999999998934 -0.022163392458949937591
-0.98699999999999998845 -0.022398371776948700074
-0.98599999999999998757 -0.022631013500788554893
-0.98499999999999998668 -0.022861317630469280004
-0.98399999999999998579 -0.023089284165991763587
-0.9829999999999999849 -0.02331491310735556155
-0.98199999999999998401 -0.02353820445456045185
-0.98099999999999998312 -0.023759158207606656532
-0.97999999999999998224 -0.02397777436649439764
-0.97899999999999998135 -0.024194052931222786995
-0.97799999999999998046 -0.024407993901793156866
-0.97699999999999997957 -0.024619597278204619073
-0.97599999999999997868 -0.024828863060457395662
-0.9749999999999999778 -0.025035791248551486632
-0.97399999999999997691 -0.025240381842486669939
-0.97299999999999997602 -0.025442634842262945583
-0.97199999999999997513 -0.025642550247880979697
-0.97099999999999997424 -0.025840128059340106148
-0.96999999999999997335 -0.026035368276640546981
-0.96899999999999997247 -0.026228270899782524239
-0.96799999999999997158 -0.026418835928764927701
-0.96699999999999997069 -0.026607063363589311678
-0.9659999999999999698 -0.026792953204255010036
-0.96499999999999996891 -0.026976505450762022775
-0.96399999999999996803 -0.027157720103110349896
-0.96299999999999996714 -0.027336597161299325265
-0.96199999999999996625 -0.027513136625330059104
-0.96099999999999996536 -0.027687338495202329369
-0.95999999999999996447 -0.027859202770915469927
-0.95899999999999996358 -0.02802872945247014691
-0.9579999999999999627 -0.028195918539866360319
-0.95699999999999996181 -0.028360770033102999932
-0.95599999999999996092 -0.02852328393218162006
-0.95499999999999996003 -0.028683460237101332524
-0.95399999999999995914 -0.028841298947862581414
-0.95299999999999995826 -0.028996800064464922642
-0.95199999999999995737 -0.029149963586908356206
-0.95099999999999995648 -0.029300789515193326196
-0.94999999999999995559 -0.029449277849319388523
-0.9489999999999999547 -0.029595428589286987275
-0.94799999999999995381 -0.02973924173509590041
-0.94699999999999995293 -0.029880717286746127925
-0.94599999999999995204 -0.030019855244237003689
-0.94499999999999995115 -0.030156655607569637922
-0.94399999999999995026 -0.030291118376743808582
-0.94299999999999994937 -0.030423243551759071579
-0.94199999999999994849 -0.030553031132615648957
-0.9409999999999999476 -0.030680481119313540717
-0.93999999999999994671 -0.030805593511852080724
-0.93899999999999994582 -0.030928368310232601246
-0.93799999999999994493 -0.03104880551445443615
-0.93699999999999994404 -0.03116690512451736339
-0.93599999999999994316 -0.031282667140421827057
-0.93499999999999994227 -0.03139609156216738306
-0.93399999999999994138 -0.031507178389753809356
-0.93299999999999994049 -0.031615927623181994122
-0.9319999999999999396 -0.031722339262451493269
-0.93099999999999993872 -0.031826413307562084753
-0.92999999999999993783 -0.031928149758514212664
-0.92899999999999993694 -0.032027548615307654956
-0.92799999999999993605 -0.032124609877941745495
-0.92699999999999993516 -0.032219333546417594505
-0.92599999999999993427 -0.032311719620734757896
-0.92499999999999993339 -0.032401768100893235669
-0.9239999999999999325 -0.032489478986893027823
-0.92299999999999993161 -0.03257485227873369027
-0.92199999999999993072 -0.032657887976416111186
-0.92099999999999992983 -0.03273858607993962444
-0.91999999999999992895 -0.03281694658930467412
-0.91899999999999992806 -0.032892969504510816137
-0.91799999999999992717 -0.032966654825558272535
-0.91699999999999992628 -0.033038002552446599225
-0.91599999999999992539 -0.033107012685176684386
-0.9149999999999999245 -0.033173685223748083928
-0.91399999999999992362 -0.033238020168160797851
-0.91299999999999992273 -0.033300017518414715134
-0.91199999999999992184 -0.033359677274509946798
-0.91099999999999992095 -0.033416999436445937732
-0.90999999999999992006 -0.033471984004223909182
-0.90899999999999991918 -0.03352463097784308399
-0.90799999999999991829 -0.033574940357303240113
-0.9069999999999999174 -0.033622912142604932662
-0.90599999999999991651 -0.033668546333747828569
-0.90499999999999991562 -0.033711842930731816814
-0.90399999999999991473 -0.033752801933557452507
-0.90299999999999991385 -0.033791423342224291559
-0.90199999999999991296 -0.033827707156732111926
-0.90099999999999991207 -0.033861653377081468719
-0.89999999999999991118 -0.033893262003272250915
-0.89899999999999991029 -0.033922533035304014426
-0.89799999999999990941 -0.033949466473177314363
-0.89699999999999990852 -0.033974062316891928681
-0.89599999999999990763 -0.033996320566447413292
-0.89499999999999990674 -0.03401624122184454535
-0.89399999999999990585 -0.034033824283083102813
-0.89299999999999990496 -0.034049069750162530568
-0.89199999999999990408 -0.034061977623083605771
-0.89099999999999990319 -0.034072547901845662288
-0.8899999999999999023 -0.034080780586449255232
-0.88899999999999990141 -0.034086675676894051534
-0.88799999999999990052 -0.034090233173180051196
-0.88699999999999989964 -0.034091453075307476261
-0.88599999999999989875 -0.034090335383276215708
-0.88499999999999989786 -0.03408688009708593647
-0.88399999999999989697 -0.034081087216737304679
-0.88299999999999989608 -0.034072956742229876248
-0.88199999999999989519 -0.034062488673563540154
-0.88099999999999989431 -0.034049683010738740485
-0.87999999999999989342 -0.034034539753755144176
-0.87899999999999989253 -0.034017058902612751226
-0.87799999999999989164 -0.033997240457311783679
-0.87699999999999989075 -0.033975084417852019492
-0.87599999999999988987 -0.033950590784233458663
-0.87499999999999988898 -0.033923759556456434261
-0.87399999999999988809 -0.033894590734520613218
-0.8729999999999998872 -0.033863084318425884511
-0.87199999999999988631 -0.033829240308172581209
-0.87099999999999988542 -0.03379305870376070331
-0.86999999999999988454 -0.033754539505189806725
-0.86899999999999988365 -0.033713682712460557589
-0.86799999999999988276 -0.03367048832557240079
-0.86699999999999988187 -0.033624956344525336327
-0.86599999999999988098 -0.03357708676931980829
-0.8649999999999998801 -0.033526879599955705658
-0.86399999999999987921 -0.033474334836432473317
-0.86299999999999987832 -0.033419452478750888424
-0.86199999999999987743 -0.033362232526910284847
-0.86099999999999987654 -0.033302674980911328717
-0.85999999999999987566 -0.033240779840753464924
-0.85899999999999987477 -0.033176547106436804491
-0.85799999999999987388 -0.033109976777961569461
-0.85699999999999987299 -0.033041068855327759834
-0.8559999999999998721 -0.0329698233385348205
-0.85499999999999987121 -0.032896240227583528615
-0.85399999999999987033 -0.03282031952247355111
-0.85299999999999986944 -0.032742061223204665943
-0.85199999999999986855 -0.032661465329777095157
-0.85099999999999986766 -0.032578531842190949774
-0.84999999999999986677 -0.032493260760445785706
-0.84899999999999986589 -0.032405652084542269087
-0.847999999999999865 -0.032315705814479955826
-0.84699999999999986411 -0.032223421950258734903
-0.84599999999999986322 -0.032128800491878939383
-0.84499999999999986233 -0.032031841439340569266
-0.84399999999999986144 -0.031932544792643180465
-0.84299999999999986056 -0.031830910551787328089
-0.84199999999999985967 -0.031726938716772679072
-0.84099999999999985878 -0.031620629287599344437
-0.83999999999999985789 -0.031511982264267213161
-0.838999999999999857 -0.031400997646776507288
-0.83799999999999985612 -0.031287675435126893753
-0.83699999999999985523 -0.031172015629318705621
-0.83599999999999985434 -0.031054018229351942892
-0.83499999999999985345 -0.030933683235226161479
-0.83399999999999985256 -0.030811010646941916491
-0.83299999999999985167 -0.030686000464498874862
-0.83199999999999985079 -0.030558652687897036593
-0.8309999999999998499 -0.030428967317136623727
-0.82999999999999984901 -0.030296944352217303198
-0.82899999999999984812 -0.030162583793139408073
-0.82799999999999984723 -0.030025885639902938351
-0.82699999999999984635 -0.029886849892507338922
-0.82599999999999984546 -0.029745476550953497963
-0.82499999999999984457 -0.029601765615240860363
-0.82399999999999984368 -0.0294557170853693151
-0.82299999999999984279 -0.029307330961339084219
-0.8219999999999998419 -0.029156607243150278741
-0.82099999999999984102 -0.0290035459308025656
-0.81999999999999984013 -0.028848147024296277863
-0.81899999999999983924 -0.028690410523631415529
-0.81799999999999983835 -0.02853033642880753451
-0.81699999999999983746 -0.028367924739825078895
-0.81599999999999983658 -0.028203175456684048683
-0.81499999999999983569 -0.028036088579384110808
-0.8139999999999998348 -0.027866664107925598337
-0.81299999999999983391 -0.027694902042308400247
-0.81199999999999983302 -0.027520802382532294494
-0.81099999999999983213 -0.027344365128597503123
-0.80999999999999983125 -0.0271655902805043592
-0.80899999999999983036 -0.026984477838251974546
-0.80799999999999982947 -0.026801027801841126319
-0.80699999999999982858 -0.026615240171271703495
-0.80599999999999982769 -0.026427114946543261986
-0.80499999999999982681 -0.026236652127656467925
-0.80399999999999982592 -0.026043851714610766201
-0.80299999999999982503 -0.025848713707406267837
-0.80199999999999982414 -0.025651238106043305898
-0.80099999999999982325 -0.025451424910521214251
-0.79999999999999982236 -0.025249274120840881075
-0.79899999999999982148 -0.025044785737001751258
-0.79799999999999982059 -0.024837959759003602755
-0.7969999999999998197 -0.024628796186846990679
-0.79599999999999981881 -0.024417295020531581962
-0.79499999999999981792 -0.024203456260057376603
-0.79399999999999981704 -0.023987279905424707671
-0.79299999999999981615 -0.02376876595663335312
-0.79199999999999981526 -0.023547914413682868862
-0.79099999999999981437 -0.023324725276574032051
-0.78999999999999981348 -0.023099198545306509622
-0.78899999999999981259 -0.022871334219879968508
-0.78799999999999981171 -0.022641132300294963819
-0.78699999999999981082 -0.02240859278655116249
-0.78599999999999980993 -0.02217371567864856452
-0.78499999999999980904 -0.021936500976587502976
-0.78399999999999980815 -0.021696948680367644791
-0.78299999999999980727 -0.021455058789988878942
-0.78199999999999980638 -0.021210831305451538498
-0.78099999999999980549 -0.020964266226755623457
-0.7799999999999998046 -0.02071536355390068973
-0.77899999999999980371 -0.020464123286887181408
-0.77799999999999980282 -0.020210545425715209511
-0.77699999999999980194 -0.019954629970384107907
-0.77599999999999980105 -0.019696376920894542728
-0.77499999999999980016 -0.019435786277246291931
-0.77399999999999979927 -0.019172858039439133471
-0.77299999999999979838 -0.018907592207473511436
-0.7719999999999997975 -0.018639988781349092761
-0.77099999999999979661 -0.018370047761065877445
-0.76999999999999979572 -0.018097769146624087533
-0.76899999999999979483 -0.017823152938023278935
-0.76799999999999979394 -0.017546199135264006763
-0.76699999999999979305 -0.017266907738346048973
-0.76599999999999979217 -0.016985278747269183519
-0.76499999999999979128 -0.016701312162033854491
-0.76399999999999979039 -0.016415007982639839845
-0.7629999999999997895 -0.016126366209086695491
-0.76199999999999978861 -0.015835386841375198586
-0.76099999999999978773 -0.015542069879505127084
-0.75999999999999978684 -0.015246415323475925874
-0.75899999999999978595 -0.014948423173288372112
-0.75799999999999978506 -0.01464809342894202171
-0.75699999999999978417 -0.014345426090436652622
-0.75599999999999978328 -0.014040421157772930982
-0.7549999999999997824 -0.013733078630950412702
-0.75399999999999978151 -0.013423398509968986758
-0.75299999999999978062 -0.013111380794829208263
-0.75199999999999977973 -0.012797025485530522104
-0.75099999999999977884 -0.012480332582073039305
-0.74999999999999977796 -0.012161302084456981909
-0.74899999999999977707 -0.011839933992682238895
-0.74799999999999977618 -0.011516228306748477195
-0.74699999999999977529 -0.011190185026656362943
-0.7459999999999997744 -0.010861804152405452051
-0.74499999999999977351 -0.010531085683995633495
-0.74399999999999977263 -0.010198029621427351366
-0.74299999999999977174 -0.009862635964700272595
-0.74199999999999977085 -0.0095249047138143971836
-0.74099999999999976996 -0.0091848358687698361535
-0.73999999999999976907 -0.0088424294295665895049
-0.73899999999999976819 -0.00849768539620476826
-0.7379999999999997673 -0.0081506037686841503742
-0.73699999999999976641 -0.0078011845470046248252
-0.73599999999999976552 -0.0074494277311666357022
-0.73499999999999976463 -0.0070953333211699609606
-0.73399999999999976374 -0.0067389013170142675335
-0.73299999999999976286 -0.0063801317187001105324
-0.73199999999999976197 -0.0060190245262273789351
-0.73099999999999976108 -0.0056555797395955176299
-0.72999999999999976019 -0.005289797358805303773
-0.7289999999999997593 -0.0049216773838562932752
-0.72799999999999975842 -0.0045512198147483751143
-0.72699999999999975753 -0.004178424651481882357
-0.72599999999999975664 -0.0038032918940568150035
-0.72499999999999975575 -0.0034258215424728399867
-0.72399999999999975486 -0.0030460135967302903737
-0.72299999999999975397 -0.002663868056829055142
-0.72199999999999975309 -0.0022793849227689122472
-0.7209999999999997522 -0.0018925641945501947561
-0.71999999999999975131 -0.0015034058721727916463
-0.71899999999999975042 -0.0011119099556364808734
-0.71799999999999974953 -0.00071807644494170652649
-0.71699999999999974865 -0.00032190534008813553868
-0.71599999999999974776 7.6603358924343112335e-05
-0.71499999999999974687 0.00047744965209517431504
-0.71399999999999974598 0.00088063353942480215863
-0.71299999999999974509 0.0012861550209134486877
-0.7119999999999997442 0.0016940140965604477685
-0.71099999999999974332 0.0021042107663665765571
-0.70999999999999974243 0.0025167450303310578974
-0.70899999999999974154 0.0029316168884542248563
-0.70799999999999974065 0.0033488263407362994784
-0.70699999999999973976 0.003768373387177059719
-0.70599999999999973888 0.004190258027776394556
-0.70499999999999973799 0.0046144802625346370561
-0.7039999999999997371 0.0050410400914513431303
-0.70299999999999973621 0.0054699375145268458454
-0.70199999999999973532 0.0059011725317612562236
-0.70099999999999973443 0.0063347451431542411981
-0.69999999999999973355 0.006770655348705800769
-0.69899999999999973266 0.0072089031484163790253
-0.69799999999999973177 0.0076494885422854208556
-0.69699999999999973088 0.0080924115303130372823
-0.69599999999999972999 0.0085376721124997834167
-0.69499999999999972911 0.0089852702888449931251
-0.69399999999999972822 0.0094352060593488884521
-0.69299999999999972733 0.0098874794240116914423
-0.69199999999999972644 0.010342090382832958007
-0.69099999999999972555 0.010799038935812910189
-0.68999999999999972466 0.01125832508295199208
-0.68899999999999972378 0.0117199488242493155
-0.68799999999999972289 0.012183910159705546583
-0.686999999999999722 0.012650209089320574307
-0.68599999999999972111 0.013118845613094176628
-0.68499999999999972022 0.013589819731026464567
-0.68399999999999971934 0.014063131443117660169
-0.68299999999999971845 0.014538780749367319345
-0.68199999999999971756 0.015016767649775775162
-0.68099999999999971667 0.015497092144343138642
-0.67999999999999971578 0.015979754233068965696
-0.67899999999999971489 0.016464753915953700414
-0.67799999999999971401 0.016952091192997009728
-0.67699999999999971312 0.01744176606419900466
-0.67599999999999971223 0.017933778529559907255
-0.67499999999999971134 0.018428128589079384447
-0.67399999999999971045 0.018924816242757436235
-0.67299999999999970957 0.019423841490594506709
-0.67199999999999970868 0.019925204332590040757
-0.67099999999999970779 0.020428904768744260423
-0.6699999999999997069 0.020934942799057498775
-0.66899999999999970601 0.021443318423529089678
-0.66799999999999970512 0.021954031642159477222
-0.66699999999999970424 0.02246708245494877243
-0.66599999999999970335 0.022982470861896642234
-0.66499999999999970246 0.023500196863003086634
-0.66399999999999970157 0.024020260458268660742
-0.66299999999999970068 0.024542661647692476379
-0.6619999999999996998 0.025067400431275199679
-0.66099999999999969891 0.025594476809016719621
-0.65999999999999969802 0.026123890780916814158
-0.65899999999999969713 0.026655642346975594315
-0.65799999999999969624 0.027189731507193393156
-0.65699999999999969535 0.02772615826156954455
-0.65599999999999969447 0.028264922610104492584
-0.65499999999999969358 0.028806024552798348282
-0.65399999999999969269 0.029349464089650667553
-0.6529999999999996918 0.029895241220661727954
-0.65199999999999969091 0.030443355945831696019
-0.65099999999999969003 0.030993808265160183169
-0.64999999999999968914 0.031546598178647577981
-0.64899999999999968825 0.032101725686293491879
-0.64799999999999968736 0.032659190788098146907
-0.64699999999999968647 0.033218993484061654087
-0.64599999999999968558 0.033781133774183680352
-0.6449999999999996847 0.034345611658464447746
-0.64399999999999968381 0.034912427136904122804
-0.64299999999999968292 0.035481580209502261436
-0.64199999999999968203 0.036053070876259141198
-0.64099999999999968114 0.036626899137174984133
-0.63999999999999968026 0.037203064992249235132
-0.63899999999999967937 0.037781568441482282772
-0.63799999999999967848 0.038362409484874238075
-0.63699999999999967759 0.038945588122424712463
-0.6359999999999996767 0.039531104354133816958
-0.63499999999999967581 0.040118958180001940139
-0.63399999999999967493 0.040709149600028471383
-0.63299999999999967404 0.041301678614213743757
-0.63199999999999967315 0.041896545222558034816
-0.63099999999999967226 0.042493749425060733937
-0.62999999999999967137 0.043093291221722118678
-0.62899999999999967049 0.043695170612542466593
-0.6279999999999996696 0.044299387597521278082
-0.62699999999999966871 0.0449059421766588307
-0.62599999999999966782 0.045514834349955346493
-0.62499999999999966693 0.04612606411741032586
-0.62399999999999966604 0.046739631479023990845
-0.62299999999999966516 0.047355536434796619005
-0.62199999999999966427 0.047973778984727710739
-0.62099999999999966338 0.048594359128817543603
-0.61999999999999966249 0.049217276867066339641
-0.6189999999999996616 0.049842532199473599253
-0.61799999999999966072 0.050470125126039766528
-0.61699999999999965983 0.051100055646764397377
-0.61599999999999965894 0.051732323761647824867
-0.61499999999999965805 0.05236692947069016002
-0.61399999999999965716 0.053003872773890903236
-0.61299999999999965627 0.053643153671250443093
-0.61199999999999965539 0.054284772162768946124
-0.6109999999999996545 0.054928728248445857218
-0.60999999999999965361 0.055575021928281509442
-0.60899999999999965272 0.056223653202276069329
-0.60799999999999965183 0.056874622070429203813
-0.60699999999999965095 0.057527928532740912893
-0.60599999999999965006 0.058183572589211640658
-0.60499999999999964917 0.058841554239840887508
-0.60399999999999964828 0.059501873484628764466
-0.60299999999999964739 0.060164530323575604598
-0.6019999999999996465 0.060829524756680963815
-0.60099999999999964562 0.061496856783945008651
-0.59999999999999964473 0.062166526405368016661
-0.59899999999999964384 0.062838533620949488245
-0.59799999999999964295 0.063512878430689700959
-0.59699999999999964206 0.064189560834588821336
-0.59599999999999964118 0.064868580832646460799
-0.59499999999999964029 0.06554993842486278588
-0.5939999999999996394 0.066233633611238018624
-0.59299999999999963851 0.066919666391771714942
-0.59199999999999963762 0.067608036766464207901
-0.59099999999999963674 0.068298744735315608523
-0.58999999999999963585 0.068991790298325472719
-0.58899999999999963496 0.069687173455494300089
-0.58799999999999963407 0.070384894206821591034
-0.58699999999999963318 0.071084952552307623108
-0.58599999999999963229 0.071787348491952562846
-0.58499999999999963141 0.072492082025755966157
-0.58399999999999963052 0.073199153153718166109
-0.58299999999999962963 0.073908561875839218214
-0.58199999999999962874 0.074620308192118844914
-0.58099999999999962785 0.075334392102557101722
-0.57999999999999962697 0.076050813607154321705
-0.57899999999999962608 0.076769572705910005261
-0.57799999999999962519 0.077490669398824429948
-0.5769999999999996243 0.078214103685897817808
-0.57599999999999962341 0.078939875567129613732
-0.57499999999999962252 0.079667985042520150785
-0.57399999999999962164 0.080398432112069651012
-0.57299999999999962075 0.081131216775777614814
-0.57199999999999961986 0.081866339033644375256
-0.57099999999999961897 0.08260379888566998785
-0.56999999999999961808 0.083343596331854064019
-0.5689999999999996172 0.084085731372196936828
-0.56799999999999961631 0.084830204006698661789
-0.56699999999999961542 0.085577014235358905836
-0.56599999999999961453 0.086326162058177891012
-0.56499999999999961364 0.08707764747515572834
-0.56399999999999961275 0.087831470486292084754
-0.56299999999999961187 0.088587631091587237808
-0.56199999999999961098 0.089346129291041243015
-0.56099999999999961009 0.090106965084653767306
-0.5599999999999996092 0.090870138472424977216
-0.55899999999999960831 0.091635649454355150301
-0.55799999999999960743 0.09240349803044384247
-0.55699999999999960654 0.093173684200691386792
-0.55599999999999960565 0.09394620796509750571
-0.55499999999999960476 0.094721069323662254735
-0.55399999999999960387 0.095498268276385966935
-0.55299999999999960298 0.096277804823268142709
-0.5519999999999996021 0.097059678964309115123
-0.55099999999999960121 0.09784389069950893969
-0.54999999999999960032 0.098630440028867283342
-0.54899999999999959943 0.099419326952384368123
-0.54799999999999959854 0.10021055147006036057
-0.54699999999999959766 0.10100411358189481659
-0.54599999999999959677 0.10180001328788795822
-0.54499999999999959588 0.10259825058804011855
-0.54399999999999959499 0.10339882548235068693
-0.5429999999999995941 0.10420173797082010747
-0.54199999999999959321 0.10500698805344832465
-0.54099999999999959233 0.10581457573023506091
-0.53999999999999959144 0.10662450100118053831
-0.53899999999999959055 0.10743676386628492336
-0.53799999999999958966 0.10825136432554777199
-0.53699999999999958877 0.10906830237896936175
-0.53599999999999958789 0.10988757802654991469
-0.534999999999999587 0.1107091912682889312
-0.53399999999999958611 0.11153314210418668884
-0.53299999999999958522 0.11235943053424329863
-0.53199999999999958433 0.11318805655845848301
-0.53099999999999958344 0.11401902017683235302
-0.52999999999999958256 0.11485232138936507518
-0.52899999999999958167 0.11568796019605642744
-0.52799999999999958078 0.11652593659690657635
-0.52699999999999957989 0.11736625059191535536
-0.525999999999999579 0.11820890218108270897
-0.52499999999999957812 0.11905389136440913678
-0.52399999999999957723 0.11990121814189391714
-0.52299999999999957634 0.12075088251353754965
-0.52199999999999957545 0.1216028844793399788
-0.52099999999999957456 0.12245722403930092703
-0.51999999999999957367 0.1233139011934206164
-0.51899999999999957279 0.12417291594169932445
-0.5179999999999995719 0.12503426828413638505
-0.51699999999999957101 0.12589795822073218678
-0.51599999999999957012 0.12676398575148695169
-0.51499999999999956923 0.12763235087640018017
-0.51399999999999956835 0.12850305359547214978
-0.51299999999999956746 0.12937609390870302706
-0.51199999999999956657 0.13025147181609242342
-0.51099999999999956568 0.13112918731764056091
-0.50999999999999956479 0.13200924041334755055
-0.5089999999999995639 0.13289163110321311478
-0.50799999999999956302 0.13377635938723730913
-0.50699999999999956213 0.13466342526542052216
-0.50599999999999956124 0.13555282873776208774
-0.50499999999999956035 0.13644456980426250547
-0.50399999999999955946 0.13733864846492183087
-0.50299999999999955858 0.13823506471973956433
-0.50199999999999955769 0.13913381856871609443
-0.5009999999999995568 0.14003491001185147669
-0.49999999999999955591 0.14093833904914543353
-0.49899999999999955502 0.14184410568059802049
-0.49799999999999955413 0.14275220990620962613
-0.49699999999999955325 0.14366265172597969535
-0.49599999999999955236 0.14457543113990867223
-0.49499999999999955147 0.14549054814799611268
-0.49399999999999955058 0.14640800275024229427
-0.49299999999999954969 0.14732779494664743902
-0.49199999999999954881 0.14824992473721104735
-0.49099999999999954792 0.1491743921219333413
-0.48999999999999954703 0.15010119710081465394
-0.48899999999999954614 0.15103033967385437464
-0.48799999999999954525 0.15196181984105283647
-0.48699999999999954436 0.15289563760241020596
-0.48599999999999954348 0.15383179295792609453
-0.48499999999999954259 0.15477028590760066873
-0.4839999999999995417 0.1557111164514342061
-0.48299999999999954081 0.15665428458942626255
-0.48199999999999953992 0.15759979032157706014
-0.48099999999999953904 0.15854763364788654334
-0.47999999999999953815 0.15949781456835476767
-0.47899999999999953726 0.16045033308298178865
-0.47799999999999953637 0.1614051891917673287
-0.47699999999999953548 0.16236238289471172092
-0.47599999999999953459 0.16332191419181485426
-0.47499999999999953371 0.1642837830830766177
-0.47399999999999953282 0.16524798956849706677
-0.47299999999999953193 0.16621453364807631248
-0.47199999999999953104 0.16718341532181429931
-0.47099999999999953015 0.16815463458971086075
-0.46999999999999952927 0.16912819145176621882
-0.46899999999999952838 0.17010408590798026252
-0.46799999999999952749 0.17108231795835299183
-0.4669999999999995266 0.17206288760288451778
-0.46599999999999952571 0.17304579484157472935
-0.46499999999999952482 0.17403103967442351552
-0.46399999999999952394 0.17501862210143120935
-0.46299999999999952305 0.17600854212259753329
-0.46199999999999952216 0.17700079973792248733
-0.46099999999999952127 0.17799539494740629353
-0.45999999999999952038 0.17899232775104878534
-0.4589999999999995195 0.17999159814884999053
-0.45799999999999951861 0.18099320614080977032
-0.45699999999999951772 0.18199715172692840226
-0.45599999999999951683 0.18300343490720574757
-0.45499999999999951594 0.18401205568164169524
-0.45399999999999951505 0.18502301405023643954
-0.45299999999999951417 0.18603631001298992498
-0.45199999999999951328 0.18705194356990201277
-0.45099999999999951239 0.18806991472097286944
-0.4499999999999995115 0.189090223466202495
-0.44899999999999951061 0.19011286980559069515
-0.44799999999999950973 0.1911378537391377197
-0.44699999999999950884 0.19216517526684348538
-0.44599999999999950795 0.19319483438870782566
-0.44499999999999950706 0.19422683110473099033
-0.44399999999999950617 0.19526116541491286838
-0.44299999999999950528 0.1962978373192534598
-0.4419999999999995044 0.19733684681775265357
-0.44099999999999950351 0.19837819391041067174
-0.43999999999999950262 0.19942187859722734777
-0.43899999999999950173 0.20046790087820268167
-0.43799999999999950084 0.20151626075333686772
-0.43699999999999949996 0.20256695822262968387
-0.43599999999999949907 0.20361999328608115789
-0.43499999999999949818 0.20467536594369142855
-0.43399999999999949729 0.20573307619546041258
-0.4329999999999994964 0.20679312404138802672
-0.43199999999999949551 0.20785550948147443751
-0.43099999999999949463 0.20892023251571956166
-0.42999999999999949374 0.20998729314412328817
-0.42899999999999949285 0.21105669136668583907
-0.42799999999999949196 0.21212842718340710335
-0.42699999999999949107 0.213202500594287081
-0.42599999999999949019 0.21427891159932563325
-0.4249999999999994893 0.21535766019852303765
-0.42399999999999948841 0.21643874639187915543
-0.42299999999999948752 0.2175221701793938478
-0.42199999999999948663 0.21860793156106742008
-0.42099999999999948574 0.21969603053689965022
-0.41999999999999948486 0.22078646710689048271
-0.41899999999999948397 0.22187924127104016736
-0.41799999999999948308 0.22297435302934853762
-0.41699999999999948219 0.22407180238181551024
-0.4159999999999994813 0.22517158932844130725
-0.41499999999999948042 0.22627371386922581764
-0.41399999999999947953 0.2273781760041690414
-0.41299999999999947864 0.22848497573327086752
-0.41199999999999947775 0.22959411305653149027
-0.41099999999999947686 0.23070558797395085415
-0.40999999999999947597 0.23181940048552884814
-0.40899999999999947509 0.23293555059126561102
-0.4079999999999994742 0.23405403829116111503
-0.40699999999999947331 0.23517486358521519363
-0.40599999999999947242 0.23629802647342809663
-0.40499999999999947153 0.237423526955799713
-0.40399999999999947065 0.23855136503232995948
-0.40299999999999946976 0.23968154070301903036
-0.40199999999999946887 0.24081405396786678685
-0.40099999999999946798 0.2419489048268731457
-0.39999999999999946709 0.24308609328003832895
-0.3989999999999994662 0.24422561932736219781
-0.39799999999999946532 0.2453674829688448078
-0.39699999999999946443 0.2465116842044860479
-0.39599999999999946354 0.24765822303428605689
-0.39499999999999946265 0.248807099458244807
-0.39399999999999946176 0.24995831347636213171
-0.39299999999999946088 0.25111186508863836409
-0.39199999999999945999 0.25226775429507319881
-0.3909999999999994591 0.25342598109566666365
-0.38999999999999945821 0.25458654549041892512
-0.38899999999999945732 0.25574944747932992772
-0.38799999999999945643 0.25691468706239961595
-0.38699999999999945555 0.25808226423962798979
-0.38599999999999945466 0.25925217901101516027
-0.38499999999999945377 0.26042443137656090535
-0.38399999999999945288 0.26159902133626550258
-0.38299999999999945199 0.26277594889012878543
-0.38199999999999945111 0.2639552140381507539
-0.38099999999999945022 0.26513681678033129696
-0.37999999999999944933 0.2663207571166708032
-0.37899999999999944844 0.26750703504716888403
-0.37799999999999944755 0.26869565057182565049
-0.37699999999999944666 0.26988660369064121358
-0.37599999999999944578 0.27107989440361546229
-0.37499999999999944489 0.2722755227107482856
-0.373999999999999444 0.27347348861204001658
-0.37299999999999944311 0.27467379210749037766
-0.37199999999999944222 0.27587643319709936884
-0.37099999999999944134 0.27708141188086721218
-0.36999999999999944045 0.27828872815879368563
-0.36899999999999943956 0.2794983820308788447
-0.36799999999999943867 0.2807103734971228004
-0.36699999999999943778 0.28192470255752544173
-0.36599999999999943689 0.28314136921208682418
-0.36499999999999943601 0.28436037346080683674
-0.36399999999999943512 0.28558171530368559043
-0.36299999999999943423 0.28680539474072314077
-0.36199999999999943334 0.2880314117719192657
-0.36099999999999943245 0.28925976639727424278
-0.35999999999999943157 0.29049045861678784997
-0.35899999999999943068 0.29172348843046003175
-0.35799999999999942979 0.29295885583829117671
-0.3569999999999994289 0.29419656084028089627
-0.35599999999999942801 0.29543660343642930144
-0.35499999999999942712 0.29667898362673650325
-0.35399999999999942624 0.29792370141120239069
-0.35299999999999942535 0.29917075678982707476
-0.35199999999999942446 0.30042014976261027792
-0.35099999999999942357 0.30167188032955233323
-0.34999999999999942268 0.30292594849065312967
-0.3489999999999994218 0.3041823542459124452
-0.34799999999999942091 0.30544109759533066839
-0.34699999999999942002 0.3067021785389075772
-0.34599999999999941913 0.3079655970766430606
-0.34499999999999941824 0.30923135320853734065
-0.34399999999999941735 0.31049944693459041734
-0.34299999999999941647 0.31176987825480201311
-0.34199999999999941558 0.31304264716917246103
-0.34099999999999941469 0.31431775367770165008
-0.3399999999999994138 0.31559519778038941373
-0.33899999999999941291 0.31687497947723597402
-0.33799999999999941203 0.31815709876824127544
-0.33699999999999941114 0.31944155565340526248
-0.33599999999999941025 0.32072835013272793514
-0.33499999999999940936 0.32201748220620934893
-0.33399999999999940847 0.32330895187384950384
-0.33299999999999940758 0.32460275913564823336
-0.3319999999999994067 0.32589890399160581502
-0.33099999999999940581 0.32719738644172208231
-0.32999999999999940492 0.3284982064859969797
-0.32899999999999940403 0.32980136412443067373
-0.32799999999999940314 0.33110685935702310889
-0.32699999999999940226 0.33241469218377411865
-0.32599999999999940137 0.33372486260468392505
-0.32499999999999940048 0.33503737061975247258
-0.32399999999999939959 0.33635221622897965021
-0.3229999999999993987 0.33766939943236562449
-0.32199999999999939782 0.33898892022991028439
-0.32099999999999939693 0.34031077862161374092
-0.31999999999999939604 0.34163497460747571655
-0.31899999999999939515 0.34296150818749648881
-0.31799999999999939426 0.34429037936167605771
-0.31699999999999939337 0.34562158813001420121
-0.31599999999999939249 0.34695513449251114135
-0.3149999999999993916 0.34829101844916682262
-0.31399999999999939071 0.34962923999998107849
-0.31299999999999938982 0.350969799144954131
-0.31199999999999938893 0.35231269588408598015
-0.31099999999999938805 0.35365793021737634838
-0.30999999999999938716 0.35500550214482556877
-0.30899999999999938627 0.35635541166643353028
-0.30799999999999938538 0.35770765878220012191
-0.30699999999999938449 0.35906224349212539915
-0.3059999999999993836 0.36041916579620947303
-0.30499999999999938272 0.36177842569445228804
-0.30399999999999938183 0.36314002318685362214
-0.30299999999999938094 0.3645039582734138639
-0.30199999999999938005 0.36587023095413273577
-0.30099999999999937916 0.36723884122901029325
-0.29999999999999937828 0.36860978909804659187
-0.29899999999999937739 0.36998307456124168713
-0.2979999999999993765 0.37135869761859530147
-0.29699999999999937561 0.37273665827010782348
-0.29599999999999937472 0.37411695651577897559
-0.29499999999999937383 0.37549959235560875781
-0.29399999999999937295 0.37688456578959739218
-0.29299999999999937206 0.37827187681774465666
-0.29199999999999937117 0.37966152544005071778
-0.29099999999999937028 0.3810535116565153535
-0.28999999999999936939 0.38244783546713878586
-0.28899999999999936851 0.38384449687192095935
-0.28799999999999936762 0.38524349587086170743
-0.28699999999999936673 0.38664483246396130767
-0.28599999999999936584 0.38804850665121959352
-0.28499999999999936495 0.38945451843263650948
-0.28399999999999936406 0.39086286780821222209
-0.28299999999999936318 0.39227355477794667582
-0.28199999999999936229 0.39368657934183970415
-0.2809999999999993614 0.39510194149989158463
-0.27999999999999936051 0.39651964125210215073
-0.27899999999999935962 0.39793967859847134694
-0.27799999999999935874 0.39936205353899933979
-0.27699999999999935785 0.40078676607368601825
-0.27599999999999935696 0.40221381620253143785
-0.27499999999999935607 0.40364320392553543204
-0.27399999999999935518 0.40507492924269827839
-0.27299999999999935429 0.40650899215401981035
-0.27199999999999935341 0.40794539265949997242
-0.27099999999999935252 0.40938413075913893113
-0.26999999999999935163 0.41082520645293663097
-0.26899999999999935074 0.41226861974089290541
-0.26799999999999934985 0.413714370623008032
-0.26699999999999934897 0.41516245909928184421
-0.26599999999999934808 0.41661288516971428653
-0.26499999999999934719 0.41806564883430552548
-0.2639999999999993463 0.41952075009305545006
-0.26299999999999934541 0.42097818894596406025
-0.26199999999999934452 0.42243796539303135607
-0.26099999999999934364 0.42390007943425744852
-0.25999999999999934275 0.4253645310696422821
-0.25899999999999934186 0.42683132029918569028
-0.25799999999999934097 0.42830044712288795061
-0.25699999999999934008 0.42977191154074884105
-0.2559999999999993392 0.43124571355276841711
-0.25499999999999933831 0.4327218531589467343
-0.25399999999999933742 0.43420033035928379261
-0.25299999999999933653 0.43568114515377948104
-0.25199999999999933564 0.4371642975424339661
-0.25099999999999933475 0.4386497875252471923
-0.24999999999999933387 0.44013761510221899309
-0.24899999999999933298 0.44162778027334959052
-0.24799999999999933209 0.44312028303863892909
-0.2469999999999993312 0.44461512339808700878
-0.24599999999999933031 0.44611230135169366307
-0.24499999999999932943 0.44761181689945911399
-0.24399999999999932854 0.44911367004138330605
-0.24299999999999932765 0.45061786077746607271
-0.24199999999999932676 0.45212438910770769152
-0.24099999999999932587 0.45363325503210794043
-0.23999999999999932498 0.45514445855066698599
-0.2389999999999993241 0.45665799966338466165
-0.23799999999999932321 0.45817387837026107844
-0.23699999999999932232 0.45969209467129623636
-0.23599999999999932143 0.4612126485664900799
-0.23499999999999932054 0.46273554005584266458
-0.23399999999999931966 0.46426076913935387935
-0.23299999999999931877 0.46578833581702383526
-0.23199999999999931788 0.46731824008885258781
-0.23099999999999931699 0.46885048195483997047
-0.2299999999999993161 0.47038506141498603874
-0.22899999999999931521 0.47192197846929090366
-0.22799999999999931433 0.47346123311775439868
-0.22699999999999931344 0.47500282536037669034
-0.22599999999999931255 0.47654675519715761212
-0.22499999999999931166 0.47809302262809727502
-0.22399999999999931077 0.47964162765319567905
-0.22299999999999930989 0.4811925702724527687
-0.221999999999999309 0.48274585048586854397
-0.22099999999999930811 0.48430146829344311588
-0.21999999999999930722 0.48585942369517631789
-0.21899999999999930633 0.48741971669106831655
-0.21799999999999930544 0.4889823472811188898
-0.21699999999999930456 0.4905473154653282597
-0.21599999999999930367 0.49211462124369637072
-0.21499999999999930278 0.49368426461622311185
-0.21399999999999930189 0.49525624558290859412
-0.212999999999999301 0.49683056414375281751
-0.21199999999999930012 0.49840722029875572652
-0.21099999999999929923 0.49998621404791743217
-0.20999999999999929834 0.50156754539123771242
-0.20899999999999929745 0.5031512143287167893
-0.20799999999999929656 0.50473722086035455181
-0.20699999999999929567 0.50632556498615099994
-0.20599999999999929479 0.5079162467061062447
-0.2049999999999992939 0.50950926602022006406
-0.20399999999999929301 0.51110462292849268007
-0.20299999999999929212 0.51270231743092409271
-0.20199999999999929123 0.51430234952751407995
-0.20099999999999929035 0.51590471921826286383
-0.19999999999999928946 0.51750942650317033333
-0.19899999999999928857 0.51911647138223648845
-0.19799999999999928768 0.52072585385546132919
-0.19699999999999928679 0.52233757392284496657
-0.1959999999999992859 0.52395163158438717854
-0.19499999999999928502 0.52556802684008829818
-0.19399999999999928413 0.52718675968994799241
-0.19299999999999928324 0.52880783013396637227
-0.19199999999999928235 0.53043123817214354876
-0.19099999999999928146 0.53205698380447941087
-0.18999999999999928058 0.53368506703097406962
-0.18899999999999927969 0.53531548785162730297
-0.1879999999999992788 0.53694824626643922194
-0.18699999999999927791 0.53858334227541004857
-0.18599999999999927702 0.5402207758785394498
-0.18499999999999927613 0.54186054707582753664
-0.18399999999999927525 0.54350265586727442013
-0.18299999999999927436 0.54514710225287998924
-0.18199999999999927347 0.54679388623264413294
-0.18099999999999927258 0.5484430078065671843
-0.17999999999999927169 0.55009446697464892129
-0.17899999999999927081 0.55174826373688923287
-0.17799999999999926992 0.55340439809328834109
-0.17699999999999926903 0.55506287004384624595
-0.17599999999999926814 0.55672367958856272541
-0.17499999999999926725 0.55838682672743800151
-0.17399999999999926636 0.56005231146047196322
-0.17299999999999926548 0.56172013378766461056
-0.17199999999999926459 0.56339029370901594351
-0.1709999999999992637 0.56506279122452607311
-0.16999999999999926281 0.5667376263341947773
-0.16899999999999926192 0.56841479903802238915
-0.16799999999999926104 0.57009430933600868663
-0.16699999999999926015 0.5717761572281535587
-0.16599999999999925926 0.57346034271445733843
-0.16499999999999925837 0.57514686579491958174
-0.16399999999999925748 0.57683572646954062169
-0.16299999999999925659 0.57852692473832045827
-0.16199999999999925571 0.58022046060125898048
-0.16099999999999925482 0.58191633405835607729
-0.15999999999999925393 0.58361454510961208175
-0.15899999999999925304 0.58531509375502666082
-0.15799999999999925215 0.58701797999460003652
-0.15699999999999925127 0.58872320382833209784
-0.15599999999999925038 0.59043076525622284478
-0.15499999999999924949 0.59214066427827238837
-0.1539999999999992486 0.59385290089448061757
-0.15299999999999924771 0.59556747510484742136
-0.15199999999999924682 0.5972843869093730218
-0.15099999999999924594 0.59900363630805741888
-0.14999999999999924505 0.60072522330090039056
-0.14899999999999924416 0.60244914788790215887
-0.14799999999999924327 0.60417541006906261281
-0.14699999999999924238 0.60590400984438175236
-0.1459999999999992415 0.60763494721385968855
-0.14499999999999924061 0.60936822217749631037
-0.14399999999999923972 0.61110383473529150677
-0.14299999999999923883 0.61284178488724561085
-0.14199999999999923794 0.61458207263335828952
-0.14099999999999923705 0.6163246979736296538
-0.13999999999999923617 0.61806966090805981473
-0.13899999999999923528 0.6198169614366487723
-0.13799999999999923439 0.62156659955939630446
-0.1369999999999992335 0.62331857527630263327
-0.13599999999999923261 0.62507288858736764769
-0.13499999999999923173 0.62682953949259123672
-0.13399999999999923084 0.62858852799197384442
-0.13299999999999922995 0.63034985408551480468
-0.13199999999999922906 0.6321135177732146726
-0.13099999999999922817 0.63387951905507333716
-0.12999999999999922728 0.6356478579310904653
-0.1289999999999992264 0.6374185344012665011
-0.12799999999999922551 0.63919154846560122252
-0.12699999999999922462 0.64096690012409451853
-0.12599999999999922373 0.64274458937674672221
-0.12499999999999922284 0.64452461622355761151
-0.12399999999999922196 0.6463069806645270754
-0.12299999999999922107 0.64809168269965533593
-0.12199999999999922018 0.64987872232894228208
-0.12099999999999921929 0.65166809955238791385
-0.1199999999999992184 0.65345981436999234226
-0.11899999999999921751 0.65525386678175545629
-0.11799999999999921663 0.65705025678767714492
-0.11699999999999921574 0.65884898438775774121
-0.11599999999999921485 0.66065004958199702312
-0.11499999999999921396 0.66245345237039487962
-0.11399999999999921307 0.66425919275295153277
-0.11299999999999921219 0.66606727072966687153
-0.1119999999999992113 0.66787768630054089591
-0.11099999999999921041 0.66969043946557371694
-0.10999999999999920952 0.67150553022476522358
-0.10899999999999920863 0.67332295857811541584
-0.10799999999999920774 0.67514272452562440474
-0.10699999999999920686 0.67696482806729207926
-0.10599999999999920597 0.67878926920311832838
-0.10499999999999920508 0.68061604793310337413
-0.10399999999999920419 0.68244516425724721653
-0.1029999999999992033 0.68427661817554974455
-0.10199999999999920242 0.68611040968801084716
-0.10099999999999920153 0.68794653879463074642
-0.099999999999999200639 0.68978500549540933129
-0.098999999999999199751 0.6916258097903467128
-0.097999999999999198863 0.69346895167944266891
-0.096999999999999197975 0.69531443116269753268
-0.095999999999999197087 0.69716224824011097105
-0.094999999999999196199 0.69901240291168309504
-0.09399999999999919531 0.70086489517741401567
-0.092999999999999194422 0.70271972503730362192
-0.091999999999999193534 0.70457689249135180276
-0.090999999999999192646 0.70643639753955889127
-0.089999999999999191758 0.70829824018192466539
-0.088999999999999190869 0.71016242041844901411
-0.087999999999999189981 0.71202893824913215948
-0.086999999999999189093 0.71389779367397410148
-0.085999999999999188205 0.71576898669297461808
-0.084999999999999187317 0.71764251730613393132
-0.083999999999999186429 0.71951838551345193018
-0.08299999999999918554 0.72139659131492861466
-0.081999999999999184652 0.72327713471056398475
-0.080999999999999183764 0.72516001570035815149
-0.079999999999999182876 0.72704523428431100385
-0.078999999999999181988 0.72893279046242254182
-0.077999999999999181099 0.73082268423469287644
-0.076999999999999180211 0.73271491560112178565
-0.075999999999999179323 0.7346094845617094915
-0.074999999999999178435 0.73650639111645588297
-0.073999999999999177547 0.73840563526536107108
-0.072999999999999176659 0.74030721700842483379
-0.07199999999999917577 0.74221113634564739314
-0.070999999999999174882 0.74411739327702863811
-0.069999999999999173994 0.74602598780256867972
-0.068999999999999173106 0.7479369199222671849
-0.067999999999999172218 0.74985018963612470877
-0.06699999999999917133 0.75176579694414080723
-0.065999999999999170441 0.7536837418463154803
-0.064999999999999169553 0.75560402434264906102
-0.063999999999999168665 0.75752664443314132736
-0.062999999999999167777 0.7594516021177921683
-0.061999999999999166889 0.7613788973966019169
-0.060999999999999166 0.7633085302695702401
-0.059999999999999165112 0.76524050073669724892
-0.058999999999999164224 0.76717480879798305438
-0.057999999999999163336 0.76911145445342765647
-0.056999999999999162448 0.77105043770303072215
-0.05599999999999916156 0.77299175854679269548
-0.054999999999999160671 0.77493541698471335444
-0.053999999999999159783 0.77688141301679258799
-0.052999999999999158895 0.7788297466430307292
-0.051999999999999158007 0.78078041786342755604
-0.050999999999999157119 0.78273342667798295746
-0.049999999999999156231 0.78468877308669715553
-0.048999999999999155342 0.78664645708957003922
-0.047999999999999154454 0.78860647868660160853
-0.046999999999999153566 0.79056883787779197448
-0.045999999999999152678 0.79253353466314102604
-0.04499999999999915179 0.79450056904264887425
-0.043999999999999150901 0.79646994101631518603
-0.042999999999999150013 0.79844165058414040548
-0.041999999999999149125 0.80041569774612431054
-0.040999999999999148237 0.8023920825022667902
-0.039999999999999147349 0.80437080485256817752
-0.038999999999999146461 0.80635186479702825046
-0.037999999999999145572 0.808335262335646898
-0.036999999999999144684 0.81032099746842434218
-0.035999999999999143796 0.812309070195360583
-0.034999999999999142908 0.81429948051645539842
-0.03399999999999914202 0.81629222843170889945
-0.032999999999999141131 0.81828731394112130815
-0.031999999999999140243 0.82028473704469229144
-0.030999999999999139355 0.82228449774242196035
-0.029999999999999138467 0.82428659603431042591
-0.028999999999999137579 0.82629103192035757708
-0.027999999999999136691 0.82829780540056330285
-0.026999999999999135802 0.83030691647492793628
-0.025999999999999134914 0.83231836514345114431
-0.024999999999999134026 0.83433215140613303795
-0.023999999999999133138 0.83634827526297383926
-0.02299999999999913225 0.83836673671397321517
-0.021999999999999131362 0.84038753575913127669
-0.020999999999999130473 0.84241067239844813486
-0.019999999999999129585 0.84443614663192367864
-0.018999999999999128697 0.84646395845955790804
-0.017999999999999127809 0.84849410788135082306
-0.016999999999999126921 0.85052659489730253473
-0.015999999999999126032 0.85256141950741304303
-0.014999999999999125144 0.85459858171168201491
-0.013999999999999124256 0.85663808151010989445
-0.012999999999999123368 0.85867991890269634858
-0.01199999999999912248 0.86072409388944159936
-0.010999999999999121592 0.86277060647034553575
-0.0099999999999991207034 0.86481945664540815777
-0.0089999999999991198152 0.8668706444146294654
-0.007999999999999118927 0.86892416977800956968
-0.0069999999999991189062 0.87098003273554847059
-0.0059999999999991188854 0.87303823328724583508
-0.0049999999999991188646 0.87509877143310210723
-0.0039999999999991188437 0.877161647173117065
-0.0029999999999991188229 0.87922686050729059737
-0.0019999999999991188021 0.88129441143562292638
-0.00099999999999911878129 0.88336429995811405202
8.8123952579621800396e-16 0.88543652607476375227
0.0010000000000008812603 0.88751108978557224916
0.0020000000000008812812 0.88958799109053954268
0.003000000000000881302 0.89166722998966529978
0.0040000000000008813228 0.89374880648294996455
0.0050000000000008813436 0.89583272057039331493
0.0060000000000008813644 0.89791897225199523991
0.0070000000000008813852 0.90000756152775607255
0.0080000000000008814061 0.90209848839767559081
0.0090000000000008822942 0.90419175286175379469
0.010000000000000883182 0.90628735491999057317
0.011000000000000884071 0.90838529457238614828
0.012000000000000884959 0.91048557181894052004
0.013000000000000885847 0.91258818665965346639
0.014000000000000886735 0.91469313909452520939
0.015000000000000887623 0.91680042912355574902
0.016000000000000888511 0.91891005674674475223
0.0170000000000008894 0.9210220219640926631
0.018000000000000890288 0.9231363247755992596
0.019000000000000891176 0.92525296518126443068
0.020000000000000892064 0.92737194318108850943
0.021000000000000892952 0.9294932587750712738
0.022000000000000893841 0.93161691196321261277
0.023000000000000894729 0.93374290274551274837
0.024000000000000895617 0.93587123112197168062
0.025000000000000896505 0.93800189709258918747
0.026000000000000897393 0.94013490065736537993
0.027000000000000898281 0.94227024181630048005
0.02800000000000089917 0.94440792056939415478
0.029000000000000900058 0.94654793691664651512
0.030000000000000900946 0.9486902908580576721
0.031000000000000901834 0.9508349823936275147
0.032000000000000902722 0.95298201152335593189
0.033000000000000903611 0.95513137824724325675
0.034000000000000904499 0.95728308256528926723
0.035000000000000905387 0.9594371244774938523
0.036000000000000906275 0.96159350398385723402
0.037000000000000907163 0.96375222108437930135
0.038000000000000908051 0.96591327577906016533
0.03900000000000090894 0.9680766680678996039
0.040000000000000909828 0.97024239795089795013
0.041000000000000910716 0.97241046542805487096
0.042000000000000911604 0.97458087049937047741
0.043000000000000912492 0.9767536131648448805
0.04400000000000091338 0.97892869342447796921
0.045000000000000914269 0.98110611127826963251
0.046000000000000915157 0.98328586672622020348
0.047000000000000916045 0.98546795976832946007
0.048000000000000916933 0.98765239040459729125
0.049000000000000917821 0.98983915863502391908
0.05000000000000091871 0.99202826445960934354
0.051000000000000919598 0.9942197078783533426
0.052000000000000920486 0.9964134888912561383
0.053000000000000921374 0.99860960749831761962
0.054000000000000922262 1.0008080636995377866
0.05500000000000092315 1.0030088574949167501
0.056000000000000924039 1.0052119888844543993
0.057000000000000924927 1.0074174578681505121
0.058000000000000925815 1.0096252644460057546
0.059000000000000926703 1.0118354086180194606
0.060000000000000927591 1.0140478903841918523
0.06100000000000092848 1.0162627097445231517
0.062000000000000929368 1.0184798666990129146
0.063000000000000930256 1.0206993612476613631
0.064000000000000931144 1.0229211933904689413
0.065000000000000932032 1.0251453631274347611
0.06600000000000093292 1.0273718704585594885
0.067000000000000933809 1.0296007153838431236
0.068000000000000934697 1.0318318979032852223
0.069000000000000935585 1.0340654180168860066
0.070000000000000936473 1.0363012757246456985
0.071000000000000937361 1.038539471026563854
0.072000000000000938249 1.0407800039226409172
0.073000000000000939138 1.043022874412876666
0.074000000000000940026 1.0452680824972708784
0.075000000000000940914 1.0475156281758239984
0.076000000000000941802 1.0497655114485360262
0.07700000000000094269 1.0520177323154065174
0.078000000000000943579 1.0542722907764359164
0.079000000000000944467 1.0565291868316237789
0.080000000000000945355 1.058788420480970327
0.081000000000000946243 1.0610499917244757828
0.082000000000000947131 1.0633139005621399242
0.083000000000000948019 1.0655801469939627513
0.084000000000000948908 1.067848731019944486
0.085000000000000949796 1.0701196526400844622
0.086000000000000950684 1.0723929118543833461
0.087000000000000951572 1.0746685086628413597
0.08800000000000095246 1.0769464430654576148
0.089000000000000953349 1.0792267150622325556
0.090000000000000954237 1.081509324653166626
0.091000000000000955125 1.083794271838258938
0.092000000000000956013 1.0860815566175101576
0.093000000000000956901 1.0883711789909202849
0.094000000000000957789 1.0906631389584888758
0.095000000000000958678 1.0929574365202161523
0.096000000000000959566 1.0952540716761023365
0.097000000000000960454 1.0975530444261469842
0.098000000000000961342 1.0998543547703503176
0.09900000000000096223 1.1021580027087127807
0.10000000000000096312 1.1044639882412337073
0.10100000000000096401 1.1067723113679133196
0.10200000000000096489 1.1090829720887516174
0.10300000000000096578 1.1113959704037486009
0.10400000000000096667 1.11371130631290427
0.10500000000000096756 1.1160289798162188468
0.10600000000000096845 1.1183489909136921092
0.10700000000000096934 1.1206713396053240572
0.10800000000000097022 1.1229960258911146909
0.10900000000000097111 1.1253230497710637881
0.110000000000000972 1.1276524112451717929
0.11100000000000097289 1.1299841103134387055
0.11200000000000097378 1.1323181469758640816
0.11300000000000097466 1.1346545212324483654
0.11400000000000097555 1.1369932330831913347
0.11500000000000097644 1.1393342825280927677
0.11600000000000097733 1.1416776695671531083
0.11700000000000097822 1.1440233942003721346
0.11800000000000097911 1.1463714564277498464
0.11900000000000097999 1.148721856249286466
0.12000000000000098088 1.1510745936649815491
0.12100000000000098177 1.1534296686748353178
0.12200000000000098266 1.1557870812788479942
0.12300000000000098355 1.1581468314770191341
0.12400000000000098443 1.1605089192693491817
0.12500000000000097145 1.162873344655837915
0.12600000000000097233 1.1652401076364853338
0.12700000000000097322 1.1676092082112914383
0.12800000000000097411 1.1699806463802560064
0.129000000000000975 1.1723544221433797041
0.13000000000000097589 1.1747305355006620875
0.13100000000000097677 1.1771089864521031565
0.13200000000000097766 1.1794897749977026891
0.13300000000000097855 1.1818729011374611293
0.13400000000000097944 1.1842583648713782551
0.13500000000000098033 1.1866461661994540666
0.13600000000000098122 1.1890363051216885637
0.1370000000000009821 1.1914287816380819685
0.13800000000000098299 1.1938235957486338368
0.13900000000000098388 1.1962207474533443907
0.14000000000000098477 1.1986202367522138523
0.14100000000000098566 1.2010220636452419996
0.14200000000000098654 1.2034262281324288324
0.14300000000000098743 1.2058327302137743509
0.14400000000000098832 1.2082415698892785549
0.14500000000000098921 1.2106527471589414446
0.1460000000000009901 1.21306626202276302
0.14700000000000099099 1.2154821144807435029
0.14800000000000099187 1.2179003045328826715
0.14900000000000099276 1.2203208321791803037
0.15000000000000099365 1.2227436974196368435
0.15100000000000099454 1.225168900254251847
0.15200000000000099543 1.2275964406830259801
0.15300000000000099631 1.2300263187059585768
0.1540000000000009972 1.2324585343230500811
0.15500000000000099809 1.2348930875343000491
0.15600000000000099898 1.2373299783397087026
0.15700000000000099987 1.2397692067392760418
0.15800000000000100076 1.2422107727330025106
0.15900000000000100164 1.2446546763208872211
0.16000000000000100253 1.2471009175029310612
0.16100000000000100342 1.2495494962791331428
0.16200000000000100431 1.2520004126494941321
0.1630000000000010052 1.2544536666140140291
0.16400000000000100608 1.2569092581726923896
0.16500000000000100697 1.2593671873255296578
0.16600000000000100786 1.2618274540725256117
0.16700000000000100875 1.264290058413680029
0.16800000000000100964 1.2667550003489933541
0.16900000000000101052 1.2692222798784655868
0.17000000000000101141 1.2716918970020960611
0.1710000000000010123 1.274163851719885665
0.17200000000000101319 1.2766381440318337326
0.17300000000000101408 1.2791147739379404857
0.17400000000000101497 1.2815937414382061466
0.17500000000000101585 1.284075046532630493
0.17600000000000101674 1.286558689221213525
0.17700000000000101763 1.2890446695039552427
0.17800000000000101852 1.291532987380855646
0.17900000000000101941 1.2940236428519147349
0.18000000000000102029 1.2965166359171325094
0.18100000000000102118 1.2990119665765091916
0.18200000000000102207 1.3015096348300443374
0.18300000000000102296 1.3040096406777383908
0.18400000000000102385 1.3065119841195911299
0.18500000000000102474 1.3090166651556023325
0.18600000000000102562 1.3115236837857724428
0.18700000000000102651 1.3140330400101014607
0.1880000000000010274 1.3165447338285889423
0.18900000000000102829 1.3190587652412353314
0.19000000000000102918 1.3215751342480401842
0.19100000000000103006 1.3240938408490037226
0.19200000000000103095 1.3266148850441261686
0.19300000000000103184 1.3291382668334073003
0.19400000000000103273 1.3316639862168471176
0.19500000000000103362 1.3341920431944456205
0.19600000000000103451 1.336722437766202809
0.19700000000000103539 1.3392551699321186831
0.19800000000000103628 1.3417902396921934649
0.19900000000000103717 1.3443276470464267103
0.20000000000000103806 1.3468673919948190854
0.20100000000000103895 1.349409474537369702
0.20200000000000103983 1.3519538946740792262
0.20300000000000104072 1.3545006524049472141
0.20400000000000104161 1.3570497477299743316
0.2050000000000010425 1.3596011806491599128
0.20600000000000104339 1.3621549511625044016
0.20700000000000104428 1.3647110592700073539
0.20800000000000104516 1.3672695049716689919
0.20900000000000104605 1.3698302882674893155
0.21000000000000104694 1.3723934091574687688
0.21100000000000104783 1.3749588676416066857
0.21200000000000104872 1.3775266637199032882
0.2130000000000010496 1.3800967973923585763
0.21400000000000105049 1.3826692686589725501
0.21500000000000105138 1.3852440775197452094
0.21600000000000105227 1.3878212239746767764
0.21700000000000105316 1.390400708023766807
0.21800000000000105405 1.3929825296670159673
0.21900000000000105493 1.3955666889044233692
0.22000000000000105582 1.3981531857359896787
0.22100000000000105671 1.4007420201617146738
0.2220000000000010576 1.4033331921815985766
0.22300000000000105849 1.4059267017956409429
0.22400000000000105937 1.4085225490038422169
0.22500000000000106026 1.4111207338062019545
0.22600000000000106115 1.4137212562027203777
0.22700000000000106204 1.4163241161933979306
0.22800000000000106293 1.4189293137782337251
0.22900000000000106382 1.4215368489572286492
0.2300000000000010647 1.424146721730382037
0.23100000000000106559 1.4267589320976941103
0.23200000000000106648 1.4293734800591648693
0.23300000000000106737 1.4319903656147945359
0.23400000000000106826 1.4346095887645826661
0.23500000000000106914 1.437231149508529704
0.23600000000000107003 1.4398550478466354274
0.23700000000000107092 1.4424812837788998365
0.23800000000000107181 1.4451098573053227092
0.2390000000000010727 1.4477407684259047116
0.24000000000000107359 1.4503740171406451775
0.24100000000000107447 1.4530096034495445512
0.24200000000000107536 1.4556475273526023884
0.24300000000000107625 1.4582877888498191332
0.24400000000000107714 1.4609303879411943416
0.24500000000000107803 1.4635753246267286798
0.24600000000000107891 1.4662225989064212595
0.2470000000000010798 1.4688722107802729688
0.24800000000000108069 1.4715241602482831418
0.24900000000000108158 1.4741784473104520004
0.25000000000000105471 1.4768350719667795445
0.2510000000000010556 1.4794940342172657743
0.25200000000000105649 1.4821553340619111339
0.25300000000000105738 1.4848189715007149569
0.25400000000000105826 1.4874849465336774657
0.25500000000000105915 1.49015325916079866
0.25600000000000106004 1.4928239093820783179
0.25700000000000106093 1.4954968971975171055
0.25800000000000106182 1.4981722226071143567
0.25900000000000106271 1.5008498856108707376
0.26000000000000106359 1.50352988620878536
0.26100000000000106448 1.506212224400858668
0.26200000000000106537 1.5088969001870908837
0.26300000000000106626 1.5115839135674820071
0.26400000000000106715 1.514273264542031372
0.26500000000000106803 1.5169649531107398666
0.26600000000000106892 1.5196589792736068247
0.26700000000000106981 1.5223553430306324685
0.2680000000000010707 1.52505404438181702
0.26900000000000107159 1.5277550833271602571
0.27000000000000107248 1.5304584598666619577
0.27100000000000107336 1.5331641740003227881
0.27200000000000107425 1.535872225728142082
0.27300000000000107514 1.5385826150501200615
0.27400000000000107603 1.5412953419662565047
0.27500000000000107692 1.5440104064765520775
0.2760000000000010778 1.546727808581006558
0.27700000000000107869 1.54944754827961928
0.27800000000000107958 1.5521696255723906877
0.27900000000000108047 1.554894040459321003
0.28000000000000108136 1.5576207929404100039
0.28100000000000108225 1.5603498830156576904
0.28200000000000108313 1.5630813106850642846
0.28300000000000108402 1.5658150759486293424
0.28400000000000108491 1.5685511788063530858
0.2850000000000010858 1.5712896192582355148
0.28600000000000108669 1.5740303973042768515
0.28700000000000108757 1.5767735129444768738
0.28800000000000108846 1.5795189661788358038
0.28900000000000108935 1.5822667570073531973
0.29000000000000109024 1.5850168854300290544
0.29100000000000109113 1.5877693514468638192
0.29200000000000109202 1.5905241550578574916
0.2930000000000010929 1.5932812962630096276
0.29400000000000109379 1.5960407750623208933
0.29500000000000109468 1.5988025914557904006
0.29600000000000109557 1.6015667454434188155
0.29700000000000109646 1.604333237025205694
0.29800000000000109734 1.6071020662011517022
0.29900000000000109823 1.6098732329712561739
0.30000000000000109912 1.6126467373355195534
0.30100000000000110001 1.6154225792939413964
0.3020000000000011009 1.618200758846521925
0.30300000000000110179 1.6209812759932611392
0.30400000000000110267 1.6237641307341594832
0.30500000000000110356 1.6265493230692162907
0.30600000000000110445 1.6293368529984317838
0.30700000000000110534 1.6321267205218059626
0.30800000000000110623 1.634918925639338827
0.30900000000000110711 1.637713468351030377
0.310000000000001108 1.6405103486568808346
0.31100000000000110889 1.6433095665568899779
0.31200000000000110978 1.6461111220510578068
0.31300000000000111067 1.6489150151393840993
0.31400000000000111156 1.6517212458218692994
0.31500000000000111244 1.6545298140985129631
0.31600000000000111333 1.6573407199693157565
0.31700000000000111422 1.6601539634342772356
0.31800000000000111511 1.6629695444933971782
0.319000000000001116 1.6657874631466758064
0.32000000000000111688 1.6686077193941133423
0.32100000000000111777 1.6714303132357095638
0.32200000000000111866 1.6742552446714644709
0.32300000000000111955 1.6770825137013780637
0.32400000000000112044 1.6799121203254503421
0.32500000000000112133 1.682744064543681306
0.32600000000000112221 1.6855783463560709556
0.3270000000000011231 1.6884149657626195129
0.32800000000000112399 1.6912539227633265337
0.32900000000000112488 1.6940952173581926843
0.33000000000000112577 1.6969388495472170764
0.33100000000000112665 1.6997848193304003761
0.33200000000000112754 1.7026331267077421394
0.33300000000000112843 1.7054837716792430324
0.33400000000000112932 1.7083367542449026111
0.33500000000000113021 1.7111920744047206533
0.3360000000000011311 1.7140497321586973811
0.33700000000000113198 1.7169097275068330166
0.33800000000000113287 1.7197720604491271157
0.33900000000000113376 1.7226367309855803445
0.34000000000000113465 1.7255037391161920368
0.34100000000000113554 1.7283730848409624148
0.34200000000000113642 1.7312447681598914784
0.34300000000000113731 1.7341187890729792276
0.3440000000000011382 1.7369951475802256624
0.34500000000000113909 1.7398738436816310049
0.34600000000000113998 1.7427548773771952551
0.34700000000000114087 1.7456382486669177467
0.34800000000000114175 1.7485239575507991461
0.34900000000000114264 1.751412004028839009
0.35000000000000114353 1.7543023881010380016
0.35100000000000114442 1.7571951097673954578
0.35200000000000114531 1.7600901690279118217
0.35300000000000114619 1.7629875658825866491
0.35400000000000114708 1.7658873003314203842
0.35500000000000114797 1.7687893723744125829
0.35600000000000114886 1.7716937820115639113
0.35700000000000114975 1.7746005292428734812
0.35800000000000115064 1.7775096140683421808
0.35900000000000115152 1.780421036487969344
0.36000000000000115241 1.7833347965017551928
0.3610000000000011533 1.7862508941096997273
0.36200000000000115419 1.7891693293118031693
0.36300000000000115508 1.7920901021080652971
0.36400000000000115596 1.7950132124984861104
0.36500000000000115685 1.7979386604830653873
0.36600000000000115774 1.8008664460618035719
0.36700000000000115863 1.8037965692347004421
0.36800000000000115952 1.8067290300017562199
0.36900000000000116041 1.8096638283629706834
0.37000000000000116129 1.8126009643183436104
0.37100000000000116218 1.8155404378678752231
0.37200000000000116307 1.8184822490115655214
0.37300000000000116396 1.8214263977494147273
0.37400000000000116485 1.8243728840814226189
0.37500000000000116573 1.8273217080075894181
0.37600000000000116662 1.8302728695279146809
0.37700000000000116751 1.8332263686423986293
0.3780000000000011684 1.8361822053510412633
0.37900000000000116929 1.839140379653842805
0.38000000000000117018 1.8421008915508030324
0.38100000000000117106 1.8450637410419219453
0.38200000000000117195 1.8480289281271995439
0.38300000000000117284 1.850996452806635606
0.38400000000000117373 1.8539663150802305758
0.38500000000000117462 1.8569385149479844532
0.3860000000000011755 1.8599130524098967943
0.38700000000000117639 1.862889927465968043
0.38800000000000117728 1.8658691401161977552
0.38900000000000117817 1.8688506903605863751
0.39000000000000117906 1.8718345781991334587
0.39100000000000117995 1.8748208036318396719
0.39200000000000118083 1.8778093666587043487
0.39300000000000118172 1.8808002672797277111
0.39400000000000118261 1.8837935054949097591
0.3950000000000011835 1.8867890813042504927
0.39600000000000118439 1.889786994707749912
0.39700000000000118527 1.8927872457054084609
0.39800000000000118616 1.8957898342972254735
0.39900000000000118705 1.8987947604832011717
0.40000000000000118794 1.9018020242633353334
0.40100000000000118883 1.9048116256376284028
0.40200000000000118971 1.9078235646060801578
0.4030000000000011906 1.9108378411686908205
0.40400000000000119149 1.9138544553254601688
0.40500000000000119238 1.9168734070763879807
0.40600000000000119327 1.9198946964214747002
0.40700000000000119416 1.9229183233607198833
0.40800000000000119504 1.9259442878941239741
0.40900000000000119593 1.9289725900216869725
0.41000000000000119682 1.9320032297434084345
0.41100000000000119771 1.9350362070592885821
0.4120000000000011986 1.9380715219693274154
0.41300000000000119948 1.9411091744735249343
0.41400000000000120037 1.9441491645718815828
0.41500000000000120126 1.9471914922643964729
0.41600000000000120215 1.9502361575510704927
0.41700000000000120304 1.9532831604319027541
0.41800000000000120393 1.9563325009068939231
0.41900000000000120481 1.9593841789760437777
0.4200000000000012057 1.96243819463935254
0.42100000000000120659 1.9654945478968197659
0.42200000000000120748 1.9685532387484458994
0.42300000000000120837 1.9716142671942304965
0.42400000000000120925 1.9746776332341740012
0.42500000000000121014 1.9777433368682761916
0.42600000000000121103 1.9808113780965370676
0.42700000000000121192 1.9838817569189568513
0.42800000000000121281 1.9869544733355350985
0.4290000000000012137 1.9900295273462720314
0.43000000000000121458 1.9931069189511676498
0.43100000000000121547 1.9961866481502219539
0.43200000000000121636 1.9992687149434353877
0.43300000000000121725 2.0023531193308072851
0.43400000000000121814 2.0054398613123378681
0.43500000000000121902 2.0085289408880271367
0.43600000000000121991 2.0116203580578750909
0.4370000000000012208 2.0147141128218817308
0.43800000000000122169 2.0178102051800470562
0.43900000000000122258 2.0209086351323715114
0.44000000000000122347 2.0240094026788542081
0.44100000000000122435 2.0271125078194955904
0.44200000000000122524 2.0302179505542961024
0.44300000000000122613 2.033325730883254856
0.44400000000000122702 2.0364358488063727393
0.44500000000000122791 2.0395483043236493081
0.44600000000000122879 2.0426630974350841186
0.44700000000000122968 2.0457802281406780587
0.44800000000000123057 2.0488996964404302403
0.44900000000000123146 2.0520215023343419958
0.45000000000000123235 2.0551456458224115487
0.45100000000000123324 2.0582721269046406753
0.45200000000000123412 2.0614009455810275995
0.45300000000000123501 2.0645321018515736533
0.4540000000000012359 2.0676655957162783928
0.45500000000000123679 2.0708014271751422619
0.45600000000000123768 2.0739395962281643726
0.45700000000000123856 2.077080102875345613
0.45800000000000123945 2.0802229471166850949
0.45900000000000124034 2.0833681289521832625
0.46000000000000124123 2.0865156483818401156
0.46100000000000124212 2.0896655054056560985
0.46200000000000124301 2.092817700023630767
0.46300000000000124389 2.0959722322357641211
0.46400000000000124478 2.0991291020420557167
0.46500000000000124567 2.1022883094425064421
0.46600000000000124656 2.105449854437115853
0.46700000000000124745 2.1086137370258839496
0.46800000000000124833 2.1117799572088107318
0.46900000000000124922 2.1149485149858961996
0.47000000000000125011 2.1181194103571403531
0.471000000000001251 2.1212926433225431921
0.47200000000000125189 2.1244682138821047168
0.47300000000000125278 2.1276461220358249271
0.47400000000000125366 2.1308263677837042671
0.47500000000000125455 2.1340089511257418486
0.47600000000000125544 2.1371938720619381158
0.47700000000000125633 2.1403811305922935126
0.47800000000000125722 2.1435707267168075951
0.4790000000000012581 2.1467626604354799191
0.48000000000000125899 2.1499569317483113728
0.48100000000000125988 2.1531535406553015122
0.48200000000000126077 2.156352487156449893
0.48300000000000126166 2.1595537712517574036
0.48400000000000126255 2.1627573929412235998
0.48500000000000126343 2.1659633522248489257
0.48600000000000126432 2.169171649102632049
0.48700000000000126521 2.1723822835745743021
0.4880000000000012661 2.1755952556406752407
0.48900000000000126699 2.178810565300934865
0.49000000000000126787 2.1820282125553531749
0.49100000000000126876 2.1852481974039306145
0.49200000000000126965 2.1884705198466667397
0.49300000000000127054 2.1916951798835611065
0.49400000000000127143 2.1949221775146141589
0.49500000000000127232 2.1981515127398258969
0.4960000000000012732 2.2013831855591972086
0.49700000000000127409 2.2046171959727263179
0.49800000000000127498 2.2078535439804145568
0.49900000000000127587 2.2110922295822614814
0.50000000000000122125 2.2143332527782666475
0.50100000000000122213 2.2175766135684309432
0.50200000000000122302 2.2208223119527539247
0.50300000000000122391 2.2240703479312351476
0.5040000000000012248 2.2273207215038759443
0.50500000000000122569 2.2305734326706749826
0.50600000000000122657 2.2338284814316327065
0.50700000000000122746 2.237085867786749116
0.50800000000000122835 2.2403455917360242111
0.50900000000000122924 2.24360765327945888
0.51000000000000123013 2.2468720524170513464
0.51100000000000123102 2.2501387891488024984
0.5120000000000012319 2.253407863474712336
0.51300000000000123279 2.2566792753947813033
0.51400000000000123368 2.2599530249090085121
0.51500000000000123457 2.2632291120173952947
0.51600000000000123546 2.2665075367199403189
0.51700000000000123634 2.2697882990166435846
0.51800000000000123723 2.27307139890750598
0.51900000000000123812 2.276356836392527061
0.52000000000000123901 2.2796446114717068276
0.5210000000000012399 2.2829347241450452799
0.52200000000000124079 2.2862271744125424178
0.52300000000000124167 2.2895219622741982413
0.52400000000000124256 2.2928190877300131945
0.52500000000000124345 2.2961185507799859451
0.52600000000000124434 2.2994203514241182695
0.52700000000000124523 2.3027244896624092796
0.52800000000000124611 2.3060309654948585312
0.529000000000001247 2.3093397789214669125
0.53000000000000124789 2.3126509299422335353
0.53100000000000124878 2.3159644185571588437
0.53200000000000124967 2.3192802447662432819
0.53300000000000125056 2.3225984085694868497
0.53400000000000125144 2.325918909966888215
0.53500000000000125233 2.32924174895844871
0.53600000000000125322 2.3325669255441678906
0.53700000000000125411 2.3358944397240457569
0.538000000000001255 2.3392242914980818647
0.53900000000000125588 2.3425564808662775462
0.54000000000000125677 2.3458910078286314693
0.54100000000000125766 2.349227872385144078
0.54200000000000125855 2.3525670745358153724
0.54300000000000125944 2.3559086142806457964
0.54400000000000126033 2.3592524916196349061
0.54500000000000126121 2.3625987065527822573
0.5460000000000012621 2.3659472590800882941
0.54700000000000126299 2.3692981492015534606
0.54800000000000126388 2.3726513769171768686
0.54900000000000126477 2.3760069422269594064
0.55000000000000126565 2.3793648451309006298
0.55100000000000126654 2.3827250856290005387
0.55200000000000126743 2.3860876637212591334
0.55300000000000126832 2.3894525794076759695
0.55400000000000126921 2.3928198326882519353
0.5550000000000012701 2.3961894235629865868
0.55600000000000127098 2.399561352031880368
0.55700000000000127187 2.4029356180949323907
0.55800000000000127276 2.406312221752143099
0.55900000000000127365 2.4096911630035124929
0.56000000000000127454 2.4130724418490405725
0.56100000000000127542 2.4164560582887277818
0.56200000000000127631 2.4198420123225736766
0.5630000000000012772 2.4232303039505778131
0.56400000000000127809 2.4266209331727410792
0.56500000000000127898 2.4300138999890625868
0.56600000000000127987 2.4334092043995432242
0.56700000000000128075 2.4368068464041821031
0.56800000000000128164 2.4402068260029805558
0.56900000000000128253 2.44360914319593725
0.57000000000000128342 2.4470137979830521857
0.57100000000000128431 2.4504207903643262512
0.57200000000000128519 2.4538301203397590022
0.57300000000000128608 2.457241787909350883
0.57400000000000128697 2.4606557930731010053
0.57500000000000128786 2.4640721358310098132
0.57600000000000128875 2.4674908161830773068
0.57700000000000128964 2.470911834129303486
0.57800000000000129052 2.4743351896696883507
0.57900000000000129141 2.4777608828042327893
0.5800000000000012923 2.4811889135329350253
0.58100000000000129319 2.484619281855795947
0.58200000000000129408 2.4880519877728159983
0.58300000000000129496 2.4914870312839942912
0.58400000000000129585 2.4949244123893317138
0.58500000000000129674 2.498364131088827822
0.58600000000000129763 2.5018061873824826158
0.58700000000000129852 2.5052505812702960952
0.58800000000000129941 2.5086973127522682603
0.58900000000000130029 2.5121463818283986669
0.59000000000000130118 2.5155977884986882032
0.59100000000000130207 2.5190515327631368692
0.59200000000000130296 2.5225076146217437767
0.59300000000000130385 2.5259660340745098139
0.59400000000000130473 2.5294267911214340927
0.59500000000000130562 2.5328898857625170571
0.59600000000000130651 2.5363553179977587071
0.5970000000000013074 2.5398230878271599309
0.59800000000000130829 2.5432931952507189521
0.59900000000000130917 2.546765640268436659
0.60000000000000131006 2.5502404228803134956
0.60100000000000131095 2.5537175430863485737
0.60200000000000131184 2.5571970008865432256
0.60300000000000131273 2.5606787962808956749
0.60400000000000131362 2.5641629292694072539
0.6050000000000013145 2.5676493998520775186
0.60600000000000131539 2.5711382080289064689
0.60700000000000131628 2.5746293537998941048
0.60800000000000131717 2.5781228371650408704
0.60900000000000131806 2.5816186581243458775
0.61000000000000131894 2.5851168166778095703
0.61100000000000131983 2.5886173128254319487
0.61200000000000132072 2.5921201465672130126
0.61300000000000132161 2.5956253179031527623
0.6140000000000013225 2.5991328268332520857
0.61500000000000132339 2.6026426733575092065
0.61600000000000132427 2.6061548574759254571
0.61700000000000132516 2.6096693791884999492
0.61800000000000132605 2.6131862384952335709
0.61900000000000132694 2.6167054353961254343
0.62000000000000132783 2.6202269698911768714
0.62100000000000132871 2.62375084198038655
0.6220000000000013296 2.6272770516637544702
0.62300000000000133049 2.6308055989412815201
0.62400000000000133138 2.6343364838129672556
0.62500000000000133227 2.6378697062788116767
0.62600000000000133316 2.6414052663388152276
0.62700000000000133404 2.6449431639929770199
0.62800000000000133493 2.6484833992412974979
0.62900000000000133582 2.6520259720837771056
0.63000000000000133671 2.6555708825204149548
0.6310000000000013376 2.6591181305512119337
0.63200000000000133848 2.6626677161761671542
0.63300000000000133937 2.6662196393952815043
0.63400000000000134026 2.669773900208554096
0.63500000000000134115 2.6733304986159858174
0.63600000000000134204 2.6768894346175757804
0.63700000000000134293 2.6804507082133253171
0.63800000000000134381 2.6840143194032330953
0.6390000000000013447 2.6875802681872995592
0.64000000000000134559 2.6911485545655242646
0.64100000000000134648 2.6947191785379080997
0.64200000000000134737 2.6982921401044506204
0.64300000000000134825 2.7018674392651522709
0.64400000000000134914 2.7054450760200121628
0.64500000000000135003 2.7090250503690311845
0.64600000000000135092 2.7126073623122084477
0.64700000000000135181 2.7161920118495443965
0.6480000000000013527 2.719778998981039031
0.64900000000000135358 2.7233683237066932392
0.65000000000000135447 2.7269599860265052449
0.65100000000000135536 2.7305539859404759362
0.65200000000000135625 2.7341503234486057572
0.65300000000000135714 2.7377489985508942638
0.65400000000000135802 2.741350011247341012
0.65500000000000135891 2.7449533615379473339
0.6560000000000013598 2.7485590494227118974
0.65700000000000136069 2.7521670749016351465
0.65800000000000136158 2.7557774379747170812
0.65900000000000136247 2.7593901386419572574
0.66000000000000136335 2.7630051769033565634
0.66100000000000136424 2.7666225527589149991
0.66200000000000136513 2.7702422662086316762
0.66300000000000136602 2.7738643172525074831
0.66400000000000136691 2.7774887058905415316
0.66500000000000136779 2.7811154321227342656
0.66600000000000136868 2.7847444959490861294
0.66700000000000136957 2.7883758973695966787
0.66800000000000137046 2.7920096363842654696
0.66900000000000137135 2.7956457129930933903
0.67000000000000137224 2.7992841271960795524
0.67100000000000137312 2.8029248789932248442
0.67200000000000137401 2.8065679683845292658
0.6730000000000013749 2.8102133953699919289
0.67400000000000137579 2.8138611599496128335
0.67500000000000137668 2.8175112621233928678
0.67600000000000137756 2.8211637018913315877
0.67700000000000137845 2.8248184792534289933
0.67800000000000137934 2.8284755942096855286
0.67900000000000138023 2.8321350467601003054
0.68000000000000138112 2.8357968369046737678
0.68100000000000138201 2.8394609646434063599
0.68200000000000138289 2.8431274299762971935
0.68300000000000138378 2.8467962329033467128
0.68400000000000138467 2.8504673734245558059
0.68500000000000138556 2.8541408515399226964
0.68600000000000138645 2.8578166672494487166
0.68700000000000138733 2.8614948205531329783
0.68800000000000138822 2.8651753114509763698
0.68900000000000138911 2.8688581399429784469
0.69000000000000139 2.8725433060291392096
0.69100000000000139089 2.8762308097094586579
0.69200000000000139178 2.8799206509839367918
0.69300000000000139266 2.8836128298525736113
0.69400000000000139355 2.8873073463153691165
0.69500000000000139444 2.8910042003723237514
0.69600000000000139533 2.8947033920234366278
0.69700000000000139622 2.8984049212687081898
0.6980000000000013971 2.9021087881081388815
0.69900000000000139799 2.9058149925417278148
0.70000000000000139888 2.9095235345694754336
0.70100000000000139977 2.9132344141913826263
0.70200000000000140066 2.9169476314074476164
0.70300000000000140155 2.9206631862176717362
0.70400000000000140243 2.9243810786220540976
0.70500000000000140332 2.9281013086205955886
0.70600000000000140421 2.9318238762132953212
0.7070000000000014051 2.9355487814001546276
0.70800000000000140599 2.9392760241811721755
0.70900000000000140687 2.9430056045563484091
0.71000000000000140776 2.9467375225256833282
0.71100000000000140865 2.9504717780891764889
0.71200000000000140954 2.9542083712468292234
0.71300000000000141043 2.9579473019986401994
0.71400000000000141132 2.9616885703446103051
0.7150000000000014122 2.9654321762847386523
0.71600000000000141309 2.9691781198190256852
0.71700000000000141398 2.9729264009474718478
0.71800000000000141487 2.9766770196700762519
0.71900000000000141576 2.9804299759868397857
0.72000000000000141664 2.9841852698977620051
0.72100000000000141753 2.987942901402842466
0.72200000000000141842 2.9917028705020820567
0.72300000000000141931 2.995465177195480333
0.7240000000000014202 2.999229821483037739
0.72500000000000142109 3.0029968033647529424
0.72600000000000142197 3.0067661228406272755
0.72700000000000142286 3.0105377799106602943
0.72800000000000142375 3.0143117745748519987
0.72900000000000142464 3.0180881068332023887
0.73000000000000142553 3.0218667766857119084
0.73100000000000142641 3.0256477841323796696
0.7320000000000014273 3.0294311291732061164
0.73300000000000142819 3.033216811808191693
0.73400000000000142908 3.0370048320373355111
0.73500000000000142997 3.0407951898606384589
0.73600000000000143086 3.0445878852781000923
0.73700000000000143174 3.0483829182897199672
0.73800000000000143263 3.0521802888954989719
0.73900000000000143352 3.055979997095436218
0.74000000000000143441 3.0597820428895325939
0.7410000000000014353 3.0635864262777876554
0.74200000000000143618 3.0673931472602018466
0.74300000000000143707 3.0712022058367738353
0.74400000000000143796 3.0750136020075053978
0.74500000000000143885 3.0788273357723952017
0.74600000000000143974 3.0826434071314432472
0.74700000000000144063 3.0864618160846508665
0.74800000000000144151 3.0902825626320167274
0.7490000000000014424 3.0941056467735417179
0.75000000000000144329 3.09793106850922495
0.75100000000000144418 3.1017588278390668677
0.75200000000000144507 3.1055889247630679151
0.75300000000000144595 3.1094213592812276481
0.75400000000000144684 3.1132561313935456226
0.75500000000000144773 3.117093241100023171
0.75600000000000144862 3.1209326884006585168
0.75700000000000144951 3.1247744732954529923
0.7580000000000014504 3.1286185957844057093
0.75900000000000145128 3.1324650558675180001
0.76000000000000145217 3.1363138535447885324
0.76100000000000145306 3.1401649888162177504
0.76200000000000145395 3.144018461681805654
0.76300000000000145484 3.1478742721415522432
0.76400000000000145572 3.151732420195457518
0.76500000000000145661 3.1555929058435219225
0.7660000000000014575 3.1594557290857445686
0.76700000000000145839 3.1633208899221259003
0.76800000000000145928 3.1671883883526663617
0.76900000000000146017 3.1710582243773650646
0.77000000000000146105 3.1749303979962224531
0.77100000000000146194 3.1788049092092394154
0.77200000000000146283 3.1826817580164146193
0.77300000000000146372 3.1865609444177480647
0.77400000000000146461 3.1904424684132406398
0.77500000000000146549 3.1943263300028919005
0.77600000000000146638 3.1982125291867014028
0.77700000000000146727 3.2021010659646704788
0.77800000000000146816 3.2059919403367977964
0.77900000000000146905 3.2098851523030837996
0.78000000000000146994 3.2137807018635284884
0.78100000000000147082 3.2176785890181318628
0.78200000000000147171 3.2215788137668939228
0.7830000000000014726 3.2254813761098151126
0.78400000000000147349 3.2293862760468945439
0.78500000000000147438 3.2332935135781331049
0.78600000000000147526 3.2372030887035299074
0.78700000000000147615 3.2411150014230853955
0.78800000000000147704 3.2450292517368004575
0.78900000000000147793 3.2489458396446737609
0.79000000000000147882 3.2528647651467053059
0.79100000000000147971 3.2567860282428959806
0.79200000000000148059 3.2607096289332453409
0.79300000000000148148 3.2646355672177529428
0.79400000000000148237 3.2685638430964201184
0.79500000000000148326 3.2724944565692455356
0.79600000000000148415 3.2764274076362296384
0.79700000000000148503 3.2803626962973724268
0.79800000000000148592 3.2843003225526739008
0.79900000000000148681 3.2882402864021340605
0.8000000000000014877 3.2921825878457533499
0.80100000000000148859 3.2961272268835308807
0.80200000000000148948 3.3000742035154675413
0.80300000000000149036 3.3040235177415624435
0.80400000000000149125 3.3079751695618160312
0.80500000000000149214 3.3119291589762287487
0.80600000000000149303 3.3158854859848005958
0.80700000000000149392 3.3198441505875302404
0.8080000000000014948 3.3238051527844190147
0.80900000000000149569 3.3277684925754660306
0.81000000000000149658 3.3317341699606721761
0.81100000000000149747 3.3357021849400370073
0.81200000000000149836 3.3396725375135609681
0.81300000000000149925 3.3436452276812431705
0.81400000000000150013 3.3476202554430836145
0.81500000000000150102 3.3515976207990831881
0.81600000000000150191 3.3555773237492418914
0.8170000000000015028 3.3595593642935592804
0.81800000000000150369 3.3635437424320349109
0.81900000000000150457 3.367530458164669227
0.82000000000000150546 3.3715195114914626728
0.82100000000000150635 3.3755109024124143602
0.82200000000000150724 3.3795046309275251772
0.82300000000000150813 3.3835006970367946799
0.82400000000000150902 3.3874991007402228682
0.8250000000000015099 3.391499842037809298
0.82600000000000151079 3.3955029209295548576
0.82700000000000151168 3.3995083374154591027
0.82800000000000151257 3.4035160914955220335
0.82900000000000151346 3.407526183169744094
0.83000000000000151434 3.4115386124381239519
0.83100000000000151523 3.4155533793006629395
0.83200000000000151612 3.4195704837573606127
0.83300000000000151701 3.4235899258082174157
0.8340000000000015179 3.4276117054532324602
0.83500000000000151879 3.4316358226924066344
0.83600000000000151967 3.4356622775257390501
0.83700000000000152056 3.4396910699532305955
0.83800000000000152145 3.4437221999748803825
0.83900000000000152234 3.447755667590688855
0.84000000000000152323 3.4517914728006564573
0.84100000000000152411 3.4558296156047827452
0.842000000000001525 3.4598700960030677187
0.84300000000000152589 3.4639129139955109338
0.84400000000000152678 3.4679580695821132785
0.84500000000000152767 3.4720055627628743089
0.84600000000000152856 3.476055393537794469
0.84700000000000152944 3.4801075619068728706
0.84800000000000153033 3.4841620678701099578
0.84900000000000153122 3.4882189114275057307
0.85000000000000153211 3.4922780925790601891
0.851000000000001533 3.4963396113247733332
0.85200000000000153388 3.5004034676646460511
0.85300000000000153477 3.5044696615986765664
0.85400000000000153566 3.5085381931268657674
0.85500000000000153655 3.5126090622492136539
0.85600000000000153744 3.5166822689657206702
0.85700000000000153833 3.5207578132763863721
0.85800000000000153921 3.5248356951812107596
0.8590000000000015401 3.5289159146801933886
0.86000000000000154099 3.5329984717733351474
0.86100000000000154188 3.5370833664606355917
0.86200000000000154277 3.5411705987420947217
0.86300000000000154365 3.5452601686177125373
0.86400000000000154454 3.5493520760874890385
0.86500000000000154543 3.5534463211514246694
0.86600000000000154632 3.5575429038095185419
0.86700000000000154721 3.5616418240617706559
0.86800000000000154809 3.5657430819081818996
0.86900000000000154898 3.569846677348752273
0.87000000000000154987 3.573952610383481332
0.87100000000000155076 3.5780608810123686325
0.87200000000000155165 3.5821714892354150628
0.87300000000000155254 3.5862844350526197346
0.87400000000000155342 3.590399718463983092
0.87500000000000155431 3.5945173394695060232
0.8760000000000015552 3.5986372980691871959
0.87700000000000155609 3.6027595942630270542
0.87800000000000155698 3.6068842280510251541
0.87900000000000155786 3.6110111994331823837
0.88000000000000155875 3.6151405084094982989
0.88100000000000155964 3.6192721549799733438
0.88200000000000156053 3.6234061391446061862
0.88300000000000156142 3.6275424609033986023
0.88400000000000156231 3.63168112025634926
0.88500000000000156319 3.6358221172034586033
0.88600000000000156408 3.6399654517447266322
0.88700000000000156497 3.6441111238801537908
0.88800000000000156586 3.6482591336097396351
0.88900000000000156675 3.6524094809334837208
0.89000000000000156763 3.6565621658513869363
0.89100000000000156852 3.6607171883634483933
0.89200000000000156941 3.66487454846966898
0.8930000000000015703 3.6690342461700482524
0.89400000000000157119 3.6731962814645862103
0.89500000000000157208 3.6773606543532824098
0.89600000000000157296 3.681527364836137739
0.89700000000000157385 3.6856964129131517538
0.89800000000000157474 3.6898677985843244542
0.89900000000000157563 3.6940415218496562844
0.90000000000000157652 3.698217582709146356
0.9010000000000015774 3.7023959811627951133
0.90200000000000157829 3.7065767172106025562
0.90300000000000157918 3.7107597908525686847
0.90400000000000158007 3.7149452020886934989
0.90500000000000158096 3.7191329509189778868
0.90600000000000158185 3.7233230373434200722
0.90700000000000158273 3.7275154613620209432
0.90800000000000158362 3.7317102229747809439
0.90900000000000158451 3.7359073221816996302
0.9100000000000015854 3.7401067589827770021
0.91100000000000158629 3.7443085333780130597
0.91200000000000158717 3.7485126453674073588
0.91300000000000158806 3.7527190949509607876
0.91400000000000158895 3.756927882128672902
0.91500000000000158984 3.761139006900543702
0.91600000000000159073 3.7653524692665736318
0.91700000000000159162 3.769568269226761803
0.9180000000000015925 3.7737864067811086599
0.91900000000000159339 3.7780068819296142024
0.92000000000000159428 3.7822296946722784305
0.92100000000000159517 3.7864548450091017884
0.92200000000000159606 3.7906823329400838318
0.92300000000000159694 3.7949121584652241168
0.92400000000000159783 3.7991443215845235315
0.92500000000000159872 3.8033788222979811877
0.92600000000000159961 3.8076156606055979736
0.9270000000000016005 3.8118548365073730011
0.92800000000000160139 3.8160963500033071583
0.92900000000000160227 3.8203402010934004451
0.93000000000000160316 3.8245863897776515294
0.93100000000000160405 3.8288349160560617435
0.93200000000000160494 3.8330857799286306431
0.93300000000000160583 3.8373389813953577843
0.93400000000000160671 3.8415945204562449433
0.9350000000000016076 3.8458523971112898998
0.93600000000000160849 3.8501126113604935419
0.93700000000000160938 3.8543751632038558697
0.93800000000000161027 3.858640052641376883
0.93900000000000161116 3.8629072796730570261
0.94000000000000161204 3.8671768442988958547
0.94100000000000161293 3.8714487465188929249
0.94200000000000161382 3.8757229863330491249
0.94300000000000161471 3.8799995637413635663
0.9440000000000016156 3.8842784787438371374
0.94500000000000161648 3.8885597313404698383
0.94600000000000161737 3.8928433215312603366
0.94700000000000161826 3.8971292493162099646
0.94800000000000161915 3.9014175146953182782
0.94900000000000162004 3.9057081176685848334
0.95000000000000162093 3.9100010582360109623
0.95100000000000162181 3.9142963363975953328
0.9520000000000016227 3.918593952153338833
0.95300000000000162359 3.9228939055032405747
0.95400000000000162448 3.9271961964473010021
0.95500000000000162537 3.931500824985520115
0.95600000000000162625 3.9358077911178979136
0.95700000000000162714 3.9401170948444352859
0.95800000000000162803 3.9444287361651304558
0.95900000000000162892 3.9487427150799847553
0.96000000000000162981 3.9530590315889972963
0.9610000000000016307 3.9573776856921689671
0.96200000000000163158 3.9616986773894993235
0.96300000000000163247 3.9660220066809883654
0.96400000000000163336 3.970347673566635649
0.96500000000000163425 3.9746756780464425063
0.96600000000000163514 3.9790060201204076051
0.96700000000000163602 3.9833386997885309455
0.96800000000000163691 3.9876737170508134156
0.9690000000000016378 3.9920110719072545713
0.97000000000000163869 3.9963507643578548567
0.97100000000000163958 4.0006927944026138277
0.97200000000000164047 4.0050371620415310403
0.97300000000000164135 4.0093838672746073826
0.97400000000000164224 4.0137329101018419664
0.97500000000000164313 4.0180842905232347917
0.97600000000000164402 4.0224380085387876349
0.97700000000000164491 4.0267940641484987196
0.97800000000000164579 4.0311524573523680459
0.97900000000000164668 4.0355131881503965019
0.98000000000000164757 4.0398762565425831994
0.98100000000000164846 4.0442416625289290266
0.98200000000000164935 4.0486094061094339835
0.98300000000000165024 4.052979487284097182
0.98400000000000165112 4.057351906052918622
0.98500000000000165201 4.0617266624158991917
0.9860000000000016529 4.0661037563730388911
0.98700000000000165379 4.070483187924336832
0.98800000000000165468 4.0748649570697939026
0.98900000000000165556 4.0792490638094092148
0.99000000000000165645 4.0836355081431836567
0.99100000000000165734 4.0880242900711163401
0.99200000000000165823 4.0924154095932081532
0.99300000000000165912 4.0968088667094582078
0.99400000000000166001 4.1012046614198673922
0.99500000000000166089 4.105602793724434818
0.99600000000000166178 4.1100032636231613736
0.99700000000000166267 4.1144060711160470589
0.99800000000000166356 4.1188112162030900976
0.99900000000000166445 4.1232186988842931541
