x y
-1 0
-0.99899999999999999911 1.000000000139777967e-06
-0.99799999999999999822 4.0000000001150226581e-06
-0.99699999999999999734 9.0000000001477786782e-06
-0.99599999999999999645 1.6000000000127023725e-05
-0.99499999999999999556 2.5000000000163780101e-05
-0.99399999999999999467 3.6000000000147025503e-05
-0.99299999999999999378 4.9000000000076759932e-05
-0.99199999999999999289 6.400000000006400569e-05
-0.99099999999999999201 8.1000000000108762777e-05
-0.98999999999999999112 0.00010000000000010000889
-0.98899999999999999023 0.00012100000000014876633
-0.98799999999999998934 0.0001440000000001440128
-0.98699999999999998845 0.0001690000000000857483
-0.98599999999999998757 0.00019600000000008499512
-0.98499999999999998668 0.00022500000000014175328
-0.98399999999999998579 0.00025600000000014500046
-0.9829999999999999849 0.00028900000000009473666
-0.98199999999999998401 0.0003240000000001019842
-0.98099999999999998312 0.00036100000000016674306
-0.97999999999999998224 0.00040000000000006696865
-0.97899999999999998135 0.00044100000000013572787
-0.97799999999999998046 0.00048400000000015097612
-0.97699999999999997957 0.00052900000000011271339
-0.97599999999999997868 0.000576000000000131962
-0.9749999999999999778 0.00062500000000009769963
-0.97399999999999997691 0.00067600000000012094858
-0.97299999999999997602 0.00072900000000009068657
-0.97199999999999997513 0.00078400000000011793588
-0.97099999999999997424 0.00084100000000009167422
-0.96999999999999997335 0.00090000000000012292389
-0.96899999999999997247 0.00096100000000010066259
-0.96799999999999997158 0.0010240000000001359126
-0.96699999999999997069 0.0010890000000001176517
-0.9659999999999999698 0.001156000000000156902
-0.96499999999999996891 0.0012250000000001426415
-0.96399999999999996803 0.0012960000000000748699
-0.96299999999999996714 0.0013690000000000646097
-0.96199999999999996625 0.0014440000000001118607
-0.96099999999999996536 0.0015210000000001056009
-0.95999999999999996447 0.0016000000000001568523
-0.95899999999999996358 0.0016810000000001545928
-0.9579999999999999627 0.0017640000000000988223
-0.95699999999999996181 0.0018490000000001005631
-0.95599999999999996092 0.0019360000000001598153
-0.95499999999999996003 0.0020250000000001655565
-0.95399999999999995914 0.0021160000000001177867
-0.95299999999999995826 0.0022090000000001275282
-0.95199999999999995737 0.0023040000000000837588
-0.95099999999999995648 0.0024010000000000975007
-0.94999999999999995559 0.0025000000000001687539
-0.9489999999999999547 0.0026010000000000754738
-0.94799999999999995381 0.0027040000000001507274
-0.94699999999999995293 0.0028090000000000614477
-0.94599999999999995204 0.0029160000000001407017
-0.94499999999999995115 0.0030250000000001664446
-0.94399999999999995026 0.0031360000000001386766
-0.94299999999999994937 0.0032490000000001684199
-0.94199999999999994849 0.0033640000000001446523
-0.9409999999999999476 0.0034810000000000673737
-0.93999999999999994671 0.0036000000000001586287
-0.93899999999999994582 0.0037210000000000853504
-0.93799999999999994493 0.0038440000000000695835
-0.93699999999999994404 0.0039690000000001113278
-0.93599999999999994316 0.0040960000000000995612
-0.93499999999999994227 0.0042250000000000342837
-0.93399999999999994138 0.0043560000000000265175
-0.93299999999999994049 0.0044889999999999652402
-0.9319999999999999396 0.0046239999999999614744
-0.93099999999999993872 0.0047610000000000152198
-0.92999999999999993783 0.0049000000000000154543
-0.92899999999999993694 0.0050409999999999621778
-0.92799999999999993605 0.0051839999999999664126
-0.92699999999999993516 0.0053290000000000281588
-0.92599999999999993427 0.005476000000000036394
-0.92499999999999993339 0.0056249999999999911182
-0.9239999999999999325 0.0057760000000000033538
-0.92299999999999993161 0.0059289999999999620783
-0.92199999999999993072 0.0060839999999999783142
-0.92099999999999992983 0.0062410000000000520615
-0.91999999999999992895 0.0063999999999999612754
-0.91899999999999992806 0.006561000000000039023
-0.91799999999999992717 0.0067240000000000632596
-0.91699999999999992628 0.0068890000000000339853
-0.91599999999999992539 0.0070560000000000622222
-0.9149999999999999245 0.0072250000000000369482
-0.91399999999999992362 0.0073959999999999581632
-0.91299999999999992273 0.0075690000000000479119
-0.91199999999999992184 0.0077439999999999731273
-0.91099999999999992095 0.0079210000000000668763
-0.90999999999999992006 0.008099999999999996092
-0.90899999999999991918 0.0082809999999999828191
-0.90799999999999991829 0.0084640000000000270575
-0.9069999999999999174 0.0086490000000000177849
-0.90599999999999991651 0.0088360000000000660236
-0.90499999999999991562 0.0090250000000000607514
-0.90399999999999991473 0.0092160000000000019682
-0.90299999999999991385 0.0094090000000000006963
-0.90199999999999991296 0.0096040000000000569358
-0.90099999999999991207 0.0098010000000000596643
-0.89999999999999991118 0.010000000000000008882
-0.89899999999999991029 0.010201000000000015611
-0.89799999999999990941 0.010403999999999968828
-0.89699999999999990852 0.010608999999999979558
-0.89599999999999990763 0.010816000000000047798
-0.89499999999999990674 0.011025000000000062528
-0.89399999999999990585 0.011236000000000023746
-0.89299999999999990496 0.011449000000000042476
-0.89199999999999990408 0.011664000000000007695
-0.89099999999999990319 0.011881000000000030425
-0.8899999999999999023 0.012099999999999999645
-0.88899999999999990141 0.012321000000000026375
-0.88799999999999990052 0.012543999999999999595
-0.88699999999999989964 0.012769000000000030326
-0.88599999999999989875 0.012996000000000007546
-0.88499999999999989786 0.013225000000000042277
-0.88399999999999989697 0.013456000000000023498
-0.88299999999999989608 0.013689000000000062229
-0.88199999999999989519 0.01392400000000004745
-0.88099999999999989431 0.01416099999999997916
-0.87999999999999989342 0.014400000000000079403
-0.87899999999999989253 0.014641000000000015113
-0.87799999999999989164 0.014884000000000008335
-0.87699999999999989075 0.015129000000000059067
-0.87599999999999988987 0.015376000000000056289
-0.87499999999999988898 0.015625
-0.87399999999999988809 0.015876000000000001222
-0.8729999999999998872 0.016129000000000059956
-0.87199999999999988631 0.016384000000000065178
-0.87099999999999988542 0.01664100000000001689
-0.86999999999999988454 0.016900000000000026112
-0.86899999999999988365 0.017160999999999981824
-0.86799999999999988276 0.017423999999999995048
-0.86699999999999988187 0.017689000000000065782
-0.86599999999999988098 0.017956000000000083006
-0.8649999999999998801 0.018225000000000046718
-0.86399999999999987921 0.018496000000000067942
-0.86299999999999987832 0.018769000000000035655
-0.86199999999999987743 0.019044000000000060879
-0.86099999999999987654 0.019321000000000032593
-0.85999999999999987566 0.019600000000000061817
-0.85899999999999987477 0.019881000000000037531
-0.85799999999999987388 0.020164000000000070756
-0.85699999999999987299 0.02044900000000005047
-0.8559999999999998721 0.020736000000000087695
-0.85499999999999987121 0.02102500000000007141
-0.85399999999999987033 0.021316000000000001613
-0.85299999999999986944 0.021608999999999989328
-0.85199999999999986855 0.021904000000000034554
-0.85099999999999986766 0.022201000000000026269
-0.84999999999999986677 0.022500000000000075495
-0.84899999999999986589 0.022801000000000071211
-0.847999999999999865 0.023104000000000013415
-0.84699999999999986411 0.023409000000000013131
-0.84599999999999986322 0.023716000000000070358
-0.84499999999999986233 0.024025000000000074074
-0.84399999999999986144 0.024336000000000024279
-0.84299999999999986056 0.024649000000000031996
-0.84199999999999985967 0.024964000000000097224
-0.84099999999999985878 0.025280999999999997918
-0.83999999999999985789 0.025600000000000067146
-0.838999999999999857 0.025921000000000082863
-0.83799999999999985612 0.02624400000000004507
-0.83699999999999985523 0.026569000000000064787
-0.83599999999999985434 0.026896000000000030994
-0.83499999999999985345 0.027225000000000054712
-0.83399999999999985256 0.027556000000000024919
-0.83299999999999985167 0.027889000000000052637
-0.83199999999999985079 0.028224000000000026844
-0.8309999999999998499 0.028561000000000058563
-0.82999999999999984901 0.028900000000000036771
-0.82899999999999984812 0.02924100000000007249
-0.82799999999999984723 0.029584000000000054698
-0.82699999999999984635 0.029929000000000094417
-0.82599999999999984546 0.030276000000000080625
-0.82499999999999984457 0.030625000000000013323
-0.82399999999999984368 0.030976000000000003531
-0.82299999999999984279 0.031329000000000051251
-0.8219999999999998419 0.031684000000000045461
-0.82099999999999984102 0.032041000000000097181
-0.81999999999999984013 0.03240000000000009539
-0.81899999999999983924 0.032761000000000040089
-0.81799999999999983835 0.033124000000000042299
-0.81699999999999983746 0.03348900000000010202
-0.81599999999999983658 0.03385600000000010823
-0.81499999999999983569 0.034225000000000060929
-0.8139999999999998348 0.03459600000000007114
-0.81299999999999983391 0.034969000000000027839
-0.81199999999999983302 0.03534400000000004205
-0.81099999999999983213 0.035721000000000113772
-0.80999999999999983125 0.036100000000000020961
-0.80899999999999983036 0.036481000000000096684
-0.80799999999999982947 0.036864000000000118895
-0.80699999999999982858 0.037249000000000087596
-0.80599999999999982769 0.037636000000000113808
-0.80499999999999982681 0.038025000000000086509
-0.80399999999999982592 0.038416000000000116721
-0.80299999999999982503 0.038809000000000093422
-0.80199999999999982414 0.039204000000000016612
-0.80099999999999982325 0.039601000000000108336
-0.79999999999999982236 0.040000000000000035527
-0.79899999999999982148 0.040401000000000020229
-0.79799999999999982059 0.040804000000000062442
-0.7969999999999998197 0.041209000000000051145
-0.79599999999999981881 0.041616000000000097359
-0.79499999999999981792 0.042025000000000090061
-0.79399999999999981704 0.042436000000000029253
-0.79299999999999981615 0.042849000000000025956
-0.79199999999999981526 0.043264000000000080171
-0.79099999999999981437 0.043681000000000080874
-0.78999999999999981348 0.044099999999999917044
-0.78899999999999981259 0.044520999999999921748
-0.78799999999999981171 0.044943999999999983963
-0.78699999999999981082 0.045368999999999992667
-0.78599999999999980993 0.04579599999999994786
-0.78499999999999980904 0.046224999999999960565
-0.78399999999999980815 0.046655999999999919758
-0.78299999999999980727 0.047088999999999936463
-0.78199999999999980638 0.047524000000000010679
-0.78099999999999980549 0.047960999999999920362
-0.7799999999999998046 0.048399999999999998579
-0.77899999999999980371 0.048841000000000023284
-0.77799999999999980282 0.049283999999999994479
-0.77699999999999980194 0.049729000000000023185
-0.77599999999999980105 0.05017599999999999838
-0.77499999999999980016 0.050625000000000031086
-0.77399999999999979927 0.051076000000000010282
-0.77299999999999979838 0.051528999999999935966
-0.7719999999999997975 0.051984000000000030184
-0.77099999999999979661 0.052440999999999959869
-0.76999999999999979572 0.052899999999999947065
-0.76899999999999979483 0.053360999999999991772
-0.76799999999999979394 0.053823999999999982968
-0.76699999999999979305 0.054289000000000031676
-0.76599999999999979217 0.054756000000000026873
-0.76499999999999979128 0.055224999999999968558
-0.76399999999999979039 0.055695999999999967756
-0.7629999999999997895 0.056169000000000024464
-0.76199999999999978861 0.056644000000000027661
-0.76099999999999978773 0.057120999999999977348
-0.75999999999999978684 0.057599999999999984546
-0.75899999999999978595 0.058080999999999938233
-0.75799999999999978506 0.058563999999999949431
-0.75699999999999978417 0.05904900000000001814
-0.75599999999999978328 0.059536000000000033339
-0.7549999999999997824 0.060024999999999995026
-0.75399999999999978151 0.060516000000000014225
-0.75299999999999978062 0.061008999999999979913
-0.75199999999999977973 0.061504000000000003112
-0.75099999999999977884 0.0620009999999999728
-0.74999999999999977796 0.0625
-0.74899999999999977707 0.063000999999999973689
-0.74799999999999977618 0.063504000000000004889
-0.74699999999999977529 0.064008999999999982577
-0.7459999999999997744 0.064516000000000017778
-0.74499999999999977351 0.065024999999999999467
-0.74399999999999977263 0.065536000000000038668
-0.74299999999999977174 0.066049000000000024357
-0.74199999999999977085 0.066563999999999956536
-0.74099999999999976996 0.067081000000000057248
-0.73999999999999976907 0.067599999999999993427
-0.73899999999999976819 0.068120999999999987118
-0.7379999999999997673 0.06864400000000003832
-0.73699999999999976641 0.06916900000000003601
-0.73599999999999976552 0.06969599999999998019
-0.73499999999999976463 0.070224999999999981881
-0.73399999999999976374 0.070756000000000041084
-0.73299999999999976286 0.071289000000000046775
-0.73199999999999976197 0.071823999999999998956
-0.73099999999999976108 0.072361000000000008647
-0.72999999999999976019 0.072899999999999964828
-0.7289999999999997593 0.07344099999999997852
-0.72799999999999975842 0.073984000000000049724
-0.72699999999999975753 0.074529000000000067416
-0.72599999999999975664 0.075076000000000031598
-0.72499999999999975575 0.075625000000000053291
-0.72399999999999975486 0.076176000000000021473
-0.72299999999999975397 0.076729000000000047166
-0.72199999999999975309 0.077284000000000019348
-0.7209999999999997522 0.077841000000000049042
-0.71999999999999975131 0.078400000000000025224
-0.71899999999999975042 0.078961000000000058918
-0.71799999999999974953 0.079524000000000039101
-0.71699999999999974865 0.080089000000000076795
-0.71599999999999974776 0.080656000000000060979
-0.71499999999999974687 0.081224999999999991651
-0.71399999999999974598 0.081795999999999979835
-0.71299999999999974509 0.08236900000000002553
-0.7119999999999997442 0.082944000000000017714
-0.71099999999999974332 0.083521000000000067409
-0.70999999999999974243 0.084100000000000063594
-0.70899999999999974154 0.084681000000000006267
-0.70799999999999974065 0.085264000000000006452
-0.70699999999999973976 0.085849000000000064148
-0.70599999999999973888 0.086436000000000068333
-0.70499999999999973799 0.087025000000000019007
-0.7039999999999997371 0.087616000000000027192
-0.70299999999999973621 0.088209000000000037378
-0.70199999999999973532 0.088804000000000049564
-0.70099999999999973443 0.08940100000000006375
-0.69999999999999973355 0.090000000000000024425
-0.69899999999999973266 0.090601000000000042611
-0.69799999999999973177 0.091204000000000062798
-0.69699999999999973088 0.091809000000000029473
-0.69599999999999972999 0.09241600000000005366
-0.69499999999999972911 0.093025000000000079847
-0.69399999999999972822 0.093636000000000052523
-0.69299999999999972733 0.094249000000000082711
-0.69199999999999972644 0.094864000000000059387
-0.69099999999999972555 0.095481000000000038064
-0.68999999999999972466 0.096100000000000074252
-0.68899999999999972378 0.096721000000000056929
-0.68799999999999972289 0.097344000000000041606
-0.686999999999999722 0.097969000000000083794
-0.68599999999999972111 0.098596000000000072472
-0.68499999999999972022 0.099225000000000063149
-0.68399999999999971934 0.099856000000000055827
-0.68299999999999971845 0.10048900000000005051
-0.68199999999999971756 0.10112400000000004718
-0.68099999999999971667 0.10176100000000004586
-0.67999999999999971578 0.10240000000000004654
-0.67899999999999971489 0.10304100000000004922
-0.67799999999999971401 0.1036840000000000539
-0.67699999999999971312 0.10432900000000006058
-0.67599999999999971223 0.10497600000000006926
-0.67499999999999971134 0.10562500000000007994
-0.67399999999999971045 0.10627600000000009262
-0.67299999999999970957 0.10692900000000005178
-0.67199999999999970868 0.10758400000000006846
-0.67099999999999970779 0.10824100000000008714
-0.6699999999999997069 0.10890000000000010782
-0.66899999999999970601 0.10956100000000007499
-0.66799999999999970512 0.11022400000000009967
-0.66699999999999970424 0.11088900000000007084
-0.66599999999999970335 0.11155600000000009953
-0.66499999999999970246 0.1122250000000000747
-0.66399999999999970157 0.11289600000000010738
-0.66299999999999970068 0.11356900000000008655
-0.6619999999999996998 0.11424400000000006772
-0.66099999999999969891 0.11492100000000005089
-0.65999999999999969802 0.11560000000000003606
-0.65899999999999969713 0.11628100000000002323
-0.65799999999999969624 0.11696400000000006791
-0.65699999999999969535 0.11764900000000005909
-0.65599999999999969447 0.11833600000000005226
-0.65499999999999969358 0.11902500000000004743
-0.65399999999999969269 0.1197160000000000446
-0.6529999999999996918 0.12040900000000004377
-0.65199999999999969091 0.12110400000000004495
-0.65099999999999969003 0.12180100000000004812
-0.64999999999999968914 0.12250000000000005329
-0.64899999999999968825 0.12320100000000006046
-0.64799999999999968736 0.12390400000000006964
-0.64699999999999968647 0.12460900000000008081
-0.64599999999999968558 0.12531600000000003847
-0.6449999999999996847 0.12602500000000005365
-0.64399999999999968381 0.12673600000000007082
-0.64299999999999968292 0.12744900000000003448
-0.64199999999999968203 0.12816400000000005566
-0.64099999999999968114 0.12888100000000007883
-0.63999999999999968026 0.12960000000000004849
-0.63899999999999967937 0.13032100000000007567
-0.63799999999999967848 0.13104400000000004933
-0.63699999999999967759 0.13176900000000008051
-0.6359999999999996767 0.13249600000000005817
-0.63499999999999967581 0.13322500000000009335
-0.63399999999999967493 0.13395600000000007501
-0.63299999999999967404 0.13468900000000005868
-0.63199999999999967315 0.13542400000000009985
-0.63099999999999967226 0.13616100000000008752
-0.62999999999999967137 0.13690000000000007718
-0.62899999999999967049 0.13764100000000006885
-0.6279999999999996696 0.13838400000000006251
-0.62699999999999966871 0.13912900000000005818
-0.62599999999999966782 0.13987600000000005585
-0.62499999999999966693 0.14062500000000005551
-0.62399999999999966604 0.14137600000000005718
-0.62299999999999966516 0.14212900000000006084
-0.62199999999999966427 0.14288400000000006651
-0.62099999999999966338 0.14364100000000007418
-0.61999999999999966249 0.14440000000000008384
-0.6189999999999996616 0.14516100000000009551
-0.61799999999999966072 0.14592400000000010918
-0.61699999999999965983 0.14668900000000006933
-0.61599999999999965894 0.147456000000000087
-0.61499999999999965805 0.14822500000000010667
-0.61399999999999965716 0.14899600000000007283
-0.61299999999999965627 0.1497690000000000965
-0.61199999999999965539 0.15054400000000012216
-0.6109999999999996545 0.15132100000000009432
-0.60999999999999965361 0.15210000000000012399
-0.60899999999999965272 0.15288100000000010015
-0.60799999999999965183 0.15366400000000013382
-0.60699999999999965095 0.15444900000000011397
-0.60599999999999965006 0.15523600000000009613
-0.60499999999999964917 0.1560250000000001358
-0.60399999999999964828 0.15681600000000012196
-0.60299999999999964739 0.15760900000000011012
-0.6019999999999996465 0.15840400000000010028
-0.60099999999999964562 0.15920100000000009244
-0.59999999999999964473 0.16000000000000014211
-0.59899999999999964384 0.16080100000000013827
-0.59799999999999964295 0.16160400000000013643
-0.59699999999999964206 0.16240900000000013659
-0.59599999999999964118 0.16321600000000013875
-0.59499999999999964029 0.16402500000000014291
-0.5939999999999996394 0.16483600000000014907
-0.59299999999999963851 0.16564900000000010172
-0.59199999999999963762 0.16646400000000011188
-0.59099999999999963674 0.16728100000000012404
-0.58999999999999963585 0.1681000000000001382
-0.58899999999999963496 0.16892100000000015436
-0.58799999999999963407 0.16974400000000011701
-0.58699999999999963318 0.17056900000000013717
-0.58599999999999963229 0.17139600000000015934
-0.58499999999999963141 0.17222500000000012799
-0.58399999999999963052 0.17305600000000015415
-0.58299999999999962963 0.1738890000000001268
-0.58199999999999962874 0.17472400000000015696
-0.58099999999999962785 0.17556100000000013361
-0.57999999999999962697 0.17640000000000016778
-0.57899999999999962608 0.17724100000000014843
-0.57799999999999962519 0.17808400000000013108
-0.5769999999999996243 0.17892900000000017124
-0.57599999999999962341 0.1797760000000001579
-0.57499999999999962252 0.18062500000000014655
-0.57399999999999962164 0.1814760000000001372
-0.57299999999999962075 0.18232900000000012986
-0.57199999999999961986 0.18318400000000018002
-0.57099999999999961897 0.18404100000000017667
-0.56999999999999961808 0.18490000000000017533
-0.5689999999999996172 0.18576100000000017598
-0.56799999999999961631 0.18662400000000017863
-0.56699999999999961542 0.18748900000000018329
-0.56599999999999961453 0.18835600000000018994
-0.56499999999999961364 0.18922500000000014309
-0.56399999999999961275 0.19009600000000015374
-0.56299999999999961187 0.19096900000000016639
-0.56199999999999961098 0.19184400000000018105
-0.56099999999999961009 0.1927210000000001977
-0.5599999999999996092 0.19360000000000016085
-0.55899999999999960831 0.19448100000000012599
-0.55799999999999960743 0.19536400000000014865
-0.55699999999999960654 0.19624900000000011779
-0.55599999999999960565 0.19713600000000014445
-0.55499999999999960476 0.19802500000000011759
-0.55399999999999960387 0.19891600000000014825
-0.55299999999999960298 0.1998090000000001254
-0.5519999999999996021 0.20070400000000016005
-0.55099999999999960121 0.2016010000000001412
-0.54999999999999960032 0.20250000000000012434
-0.54899999999999959943 0.203401000000000165
-0.54799999999999959854 0.20430400000000015215
-0.54699999999999959766 0.20520900000000014129
-0.54599999999999959677 0.20611600000000013244
-0.54499999999999959588 0.20702500000000012559
-0.54399999999999959499 0.20793600000000012074
-0.5429999999999995941 0.20884900000000017339
-0.54199999999999959321 0.20976400000000017254
-0.54099999999999959233 0.21068100000000017369
-0.53999999999999959144 0.21160000000000017684
-0.53899999999999959055 0.21252100000000018198
-0.53799999999999958966 0.21344400000000013362
-0.53699999999999958877 0.21436900000000014277
-0.53599999999999958789 0.21529600000000015392
-0.534999999999999587 0.21622500000000016707
-0.53399999999999958611 0.21715600000000018222
-0.53299999999999958522 0.21808900000000014385
-0.53199999999999958433 0.219024000000000163
-0.53099999999999958344 0.21996100000000018415
-0.52999999999999958256 0.22090000000000015179
-0.52899999999999958167 0.22184100000000017694
-0.52799999999999958078 0.22278400000000014858
-0.52699999999999957989 0.22372900000000017773
-0.525999999999999579 0.22467600000000015337
-0.52499999999999957812 0.22562500000000018652
-0.52399999999999957723 0.22657600000000016616
-0.52299999999999957634 0.22752900000000020331
-0.52199999999999957545 0.22848400000000018695
-0.52099999999999957456 0.22944100000000017259
-0.51999999999999957367 0.23040000000000016023
-0.51899999999999957279 0.23136100000000020538
-0.5179999999999995719 0.23232400000000019702
-0.51699999999999957101 0.23328900000000019066
-0.51599999999999957012 0.2342560000000001863
-0.51499999999999956923 0.23522500000000018394
-0.51399999999999956835 0.23619600000000018358
-0.51299999999999956746 0.23716900000000018522
-0.51199999999999956657 0.23814400000000018887
-0.51099999999999956568 0.23912100000000019451
-0.50999999999999956479 0.24010000000000020215
-0.5089999999999995639 0.24108100000000021179
-0.50799999999999956302 0.24206400000000022343
-0.50699999999999956213 0.24304900000000023708
-0.50599999999999956124 0.24403600000000019721
-0.50499999999999956035 0.24502500000000021485
-0.50399999999999955946 0.24601600000000023449
-0.50299999999999955858 0.24700900000000020063
-0.50199999999999955769 0.24800400000000022427
-0.5009999999999995568 0.2490010000000001944
-0.49999999999999955591 0.25000000000000022204
-0.49899999999999955502 0.25100100000000025169
-0.49799999999999955413 0.25200400000000022782
-0.49699999999999955325 0.25300900000000026147
-0.49599999999999955236 0.2540160000000002416
-0.49499999999999955147 0.25502500000000022373
-0.49399999999999955058 0.25603600000000026338
-0.49299999999999954969 0.257049000000000194
-0.49199999999999954881 0.25806400000000023764
-0.49099999999999954792 0.25908100000000022778
-0.48999999999999954703 0.26010000000000021991
-0.48899999999999954614 0.26112100000000026956
-0.48799999999999954525 0.26214400000000026569
-0.48699999999999954436 0.26316900000000020832
-0.48599999999999954348 0.26419600000000020845
-0.48499999999999954259 0.2652250000000002661
-0.4839999999999995417 0.26625600000000027023
-0.48299999999999954081 0.26728900000000022086
-0.48199999999999953992 0.26832400000000022899
-0.48099999999999953904 0.26936100000000029464
-0.47999999999999953815 0.27040000000000025127
-0.47899999999999953726 0.2714410000000002654
-0.47799999999999953637 0.27248400000000028154
-0.47699999999999953548 0.27352900000000024416
-0.47599999999999953459 0.2745760000000002643
-0.47499999999999953371 0.27562500000000023093
-0.47399999999999953282 0.27667600000000025506
-0.47299999999999953193 0.2777290000000002812
-0.47199999999999953104 0.27878400000000025383
-0.47099999999999953015 0.27984100000000028396
-0.46999999999999952927 0.28090000000000026059
-0.46899999999999952838 0.28196100000000023922
-0.46799999999999952749 0.28302400000000027536
-0.4669999999999995266 0.28408900000000025798
-0.46599999999999952571 0.28515600000000029812
-0.46499999999999952482 0.28622500000000028475
-0.46399999999999952394 0.28729600000000027338
-0.46299999999999952305 0.28836900000000026401
-0.46199999999999952216 0.28944400000000025663
-0.46099999999999952127 0.29052100000000025126
-0.45999999999999952038 0.2916000000000003034
-0.4589999999999995195 0.29268100000000030203
-0.45799999999999951861 0.29376400000000024715
-0.45699999999999951772 0.29484900000000024978
-0.45599999999999951683 0.29593600000000030992
-0.45499999999999951594 0.29702500000000031655
-0.45399999999999951505 0.29811600000000026967
-0.45299999999999951417 0.29920900000000028029
-0.45199999999999951328 0.30030400000000029292
-0.45099999999999951239 0.30140100000000025204
-0.4499999999999995115 0.30250000000000032419
-0.44899999999999951061 0.3036010000000002873
-0.44799999999999950973 0.30470400000000030794
-0.44699999999999950884 0.30580900000000033057
-0.44599999999999950795 0.30691600000000029969
-0.44499999999999950706 0.30802500000000032632
-0.44399999999999950617 0.30913600000000029944
-0.44299999999999950528 0.31024900000000033007
-0.4419999999999995044 0.31136400000000030719
-0.44099999999999950351 0.31248100000000034182
-0.43999999999999950262 0.31360000000000032294
-0.43899999999999950173 0.31472100000000030606
-0.43799999999999950084 0.3158440000000003467
-0.43699999999999949996 0.31696900000000027831
-0.43599999999999949907 0.31809600000000032294
-0.43499999999999949818 0.31922500000000031406
-0.43399999999999949729 0.32035600000000030718
-0.4329999999999994964 0.32148900000000035782
-0.43199999999999949551 0.32262400000000035494
-0.43099999999999949463 0.32376100000000029855
-0.42999999999999949374 0.32490000000000029967
-0.42899999999999949285 0.32604100000000035831
-0.42799999999999949196 0.32718400000000036343
-0.42699999999999949107 0.32832900000000031504
-0.42599999999999949019 0.32947600000000032416
-0.4249999999999994893 0.33062500000000033529
-0.42399999999999948841 0.33177600000000034841
-0.42299999999999948752 0.33292900000000036353
-0.42199999999999948663 0.33408400000000038066
-0.42099999999999948574 0.33524100000000034427
-0.41999999999999948486 0.3364000000000003654
-0.41899999999999948397 0.33756100000000033301
-0.41799999999999948308 0.33872400000000035813
-0.41699999999999948219 0.33988900000000032975
-0.4159999999999994813 0.34105600000000035887
-0.41499999999999948042 0.34222500000000033449
-0.41399999999999947953 0.34339600000000036761
-0.41299999999999947864 0.34456900000000034723
-0.41199999999999947775 0.34574400000000038435
-0.41099999999999947686 0.34692100000000036797
-0.40999999999999947597 0.34810000000000040909
-0.40899999999999947509 0.34928100000000039671
-0.4079999999999994742 0.35046400000000038633
-0.40699999999999947331 0.35164900000000037794
-0.40599999999999947242 0.35283600000000037156
-0.40499999999999947153 0.35402500000000036717
-0.40399999999999947065 0.3552160000000004203
-0.40299999999999946976 0.35640900000000041992
-0.40199999999999946887 0.35760400000000036602
-0.40099999999999946798 0.35880100000000036964
-0.39999999999999946709 0.36000000000000043077
-0.3989999999999994662 0.36120100000000038287
-0.39799999999999946532 0.36240400000000039249
-0.39699999999999946443 0.36360900000000040411
-0.39599999999999946354 0.36481600000000036221
-0.39499999999999946265 0.36602500000000037783
-0.39399999999999946176 0.36723600000000033994
-0.39299999999999946088 0.36844900000000035956
-0.39199999999999945999 0.36966400000000038117
-0.3909999999999994591 0.37088100000000034928
-0.38999999999999945821 0.3721000000000003749
-0.38899999999999945732 0.37332100000000034701
-0.38799999999999945643 0.37454400000000037663
-0.38699999999999945555 0.37576900000000035273
-0.38599999999999945466 0.37699600000000038635
-0.38499999999999945377 0.37822500000000036646
-0.38399999999999945288 0.37945600000000040408
-0.38299999999999945199 0.38068900000000038819
-0.38199999999999945111 0.3819240000000003743
-0.38099999999999945022 0.38316100000000041792
-0.37999999999999944933 0.38440000000000040803
-0.37899999999999944844 0.38564100000000040014
-0.37799999999999944755 0.38688400000000044976
-0.37699999999999944666 0.38812900000000039036
-0.37599999999999944578 0.38937600000000038847
-0.37499999999999944489 0.39062500000000044409
-0.373999999999999444 0.3918760000000004462
-0.37299999999999944311 0.3931290000000003948
-0.37199999999999944222 0.39438400000000040091
-0.37099999999999944134 0.39564100000000046453
-0.36999999999999944045 0.39690000000000041913
-0.36899999999999943956 0.39816100000000043124
-0.36799999999999943867 0.39942400000000044535
-0.36699999999999943778 0.40068900000000040595
-0.36599999999999943689 0.40195600000000042407
-0.36499999999999943601 0.40322500000000044418
-0.36399999999999943512 0.40449600000000041078
-0.36299999999999943423 0.40576900000000043489
-0.36199999999999943334 0.40704400000000040549
-0.36099999999999943245 0.40832100000000048912
-0.35999999999999943157 0.40960000000000046372
-0.35899999999999943068 0.41088100000000044032
-0.35799999999999942979 0.41216400000000041892
-0.3569999999999994289 0.41344900000000045504
-0.35599999999999942801 0.41473600000000043764
-0.35499999999999942712 0.41602500000000042224
-0.35399999999999942624 0.41731600000000046435
-0.35299999999999942535 0.41860900000000045296
-0.35199999999999942446 0.41990400000000049907
-0.35099999999999942357 0.42120100000000049167
-0.34999999999999942268 0.42250000000000048628
-0.3489999999999994218 0.42380100000000048288
-0.34799999999999942091 0.42510400000000048149
-0.34699999999999942002 0.42640900000000048209
-0.34599999999999941913 0.42771600000000048469
-0.34499999999999941824 0.4290250000000004893
-0.34399999999999941735 0.4303360000000004959
-0.34299999999999941647 0.43164900000000050451
-0.34199999999999941558 0.4329640000000004596
-0.34099999999999941469 0.43428100000000047221
-0.3399999999999994138 0.43560000000000048681
-0.33899999999999941291 0.43692100000000050342
-0.33799999999999941203 0.43824400000000052202
-0.33699999999999941114 0.43956900000000048712
-0.33599999999999941025 0.44089600000000050972
-0.33499999999999940936 0.44222500000000053433
-0.33399999999999940847 0.44355600000000050542
-0.33299999999999940758 0.44488900000000053403
-0.3319999999999994067 0.44622400000000050913
-0.33099999999999940581 0.44756100000000054173
-0.32999999999999940492 0.44890000000000052083
-0.32899999999999940403 0.45024100000000050192
-0.32799999999999940314 0.45158400000000054053
-0.32699999999999940226 0.45292900000000052563
-0.32599999999999940137 0.45427600000000051272
-0.32499999999999940048 0.45562500000000050182
-0.32399999999999939959 0.45697600000000049292
-0.3229999999999993987 0.45832900000000054153
-0.32199999999999939782 0.45968400000000053662
-0.32099999999999939693 0.46104100000000053372
-0.31999999999999939604 0.46240000000000053282
-0.31899999999999939515 0.46376100000000053392
-0.31799999999999939426 0.46512400000000053701
-0.31699999999999939337 0.46648900000000054211
-0.31599999999999939249 0.46785600000000054921
-0.3149999999999993916 0.46922500000000055831
-0.31399999999999939071 0.47059600000000056941
-0.31299999999999938982 0.471969000000000527
-0.31199999999999938893 0.47334400000000054209
-0.31099999999999938805 0.47472100000000055919
-0.30999999999999938716 0.47610000000000052278
-0.30899999999999938627 0.47748100000000054388
-0.30799999999999938538 0.47886400000000056698
-0.30699999999999938449 0.48024900000000059208
-0.3059999999999993836 0.48163600000000056367
-0.30499999999999938272 0.48302500000000059277
-0.30399999999999938183 0.48441600000000056836
-0.30299999999999938094 0.48580900000000060146
-0.30199999999999938005 0.48720400000000058105
-0.30099999999999937916 0.48860100000000056264
-0.29999999999999937828 0.49000000000000054623
-0.29899999999999937739 0.49140100000000058733
-0.2979999999999993765 0.49280400000000057492
-0.29699999999999937561 0.49420900000000056451
-0.29599999999999937472 0.49561600000000061161
-0.29499999999999937383 0.4970250000000006052
-0.29399999999999937295 0.4984360000000006008
-0.29299999999999937206 0.49984900000000059839
-0.29199999999999937117 0.50126400000000059798
-0.29099999999999937028 0.50268100000000059957
-0.28999999999999936939 0.50410000000000065867
-0.28899999999999936851 0.50552100000000055324
-0.28799999999999936762 0.50694400000000061635
-0.28699999999999936673 0.50836900000000062594
-0.28599999999999936584 0.50979600000000058202
-0.28499999999999936495 0.51122500000000059561
-0.28399999999999936406 0.51265600000000066672
-0.28299999999999936318 0.51408900000000057329
-0.28199999999999936229 0.51552400000000064839
-0.2809999999999993614 0.51696100000000066998
-0.27999999999999936051 0.51840000000000063807
-0.27899999999999935962 0.51984100000000066366
-0.27799999999999935874 0.52128400000000063574
-0.27699999999999935785 0.52272900000000066534
-0.27599999999999935696 0.52417600000000064142
-0.27499999999999935607 0.52562500000000067502
-0.27399999999999935518 0.5270760000000006551
-0.27299999999999935429 0.52852900000000069269
-0.27199999999999935341 0.52998400000000067678
-0.27099999999999935252 0.53144100000000060735
-0.26999999999999935163 0.53290000000000059543
-0.26899999999999935074 0.53436100000000064103
-0.26799999999999934985 0.53582400000000063311
-0.26699999999999934897 0.53728900000000068271
-0.26599999999999934808 0.5387560000000006788
-0.26499999999999934719 0.54022500000000062137
-0.2639999999999993463 0.54169600000000062145
-0.26299999999999934541 0.54316900000000067905
-0.26199999999999934452 0.54464400000000068314
-0.26099999999999934364 0.54612100000000063371
-0.25999999999999934275 0.5476000000000006418
-0.25899999999999934186 0.5490810000000007074
-0.25799999999999934097 0.55056400000000071948
-0.25699999999999934008 0.55204900000000067806
-0.2559999999999993392 0.55353600000000069414
-0.25499999999999933831 0.55502500000000065672
-0.25399999999999933742 0.55651600000000067681
-0.25299999999999933653 0.55800900000000064338
-0.25199999999999933564 0.55950400000000066747
-0.25099999999999933475 0.56100100000000074907
-0.24999999999999933387 0.56250000000000066613
-0.24899999999999933298 0.56400100000000064071
-0.24799999999999933209 0.5655040000000006728
-0.2469999999999993312 0.56700900000000065138
-0.24599999999999933031 0.56851600000000068746
-0.24499999999999932943 0.57002500000000067004
-0.24399999999999932854 0.57153600000000071013
-0.24299999999999932765 0.57304900000000069671
-0.24199999999999932676 0.5745640000000007408
-0.24099999999999932587 0.57608100000000073138
-0.23999999999999932498 0.57760000000000077947
-0.2389999999999993241 0.57912100000000077404
-0.23799999999999932321 0.58064400000000071511
-0.23699999999999932232 0.58216900000000071369
-0.23599999999999932143 0.58369600000000076978
-0.23499999999999932054 0.58522500000000077236
-0.23399999999999931966 0.58675600000000072143
-0.23299999999999931877 0.58828900000000072801
-0.23199999999999931788 0.5898240000000007921
-0.23099999999999931699 0.59136100000000069166
-0.2299999999999993161 0.59290000000000075975
-0.22899999999999931521 0.59444100000000077433
-0.22799999999999931433 0.5959840000000007354
-0.22699999999999931344 0.59752900000000075398
-0.22599999999999931255 0.59907600000000071905
-0.22499999999999931166 0.60062500000000074163
-0.22399999999999931077 0.6021760000000007107
-0.22299999999999930989 0.60372900000000073728
-0.221999999999999309 0.60528400000000082137
-0.22099999999999930811 0.60684100000000074093
-0.21999999999999930722 0.608400000000000718
-0.21899999999999930633 0.60996100000000075259
-0.21799999999999930544 0.61152400000000073366
-0.21699999999999930456 0.61308900000000077224
-0.21599999999999930367 0.61465600000000075731
-0.21499999999999930278 0.61622500000000079989
-0.21399999999999930189 0.61779600000000078897
-0.212999999999999301 0.61936900000000083555
-0.21199999999999930012 0.62094400000000082862
-0.21099999999999929923 0.62252100000000076818
-0.20999999999999929834 0.62410000000000076525
-0.20899999999999929745 0.62568100000000081984
-0.20799999999999929656 0.62726400000000082091
-0.20699999999999929567 0.62884900000000076847
-0.20599999999999929479 0.63043600000000077355
-0.2049999999999992939 0.63202500000000083613
-0.20399999999999929301 0.6336160000000008452
-0.20299999999999929212 0.63520900000000080077
-0.20199999999999929123 0.63680400000000081384
-0.20099999999999929035 0.6384010000000007734
-0.19999999999999928946 0.64000000000000079048
-0.19899999999999928857 0.64160100000000086506
-0.19799999999999928768 0.64320400000000077512
-0.19699999999999928679 0.6448090000000008537
-0.1959999999999992859 0.64641600000000087878
-0.19499999999999928502 0.64802500000000085034
-0.19399999999999928413 0.64963600000000087942
-0.19299999999999928324 0.65124900000000085498
-0.19199999999999928235 0.65286400000000088806
-0.19099999999999928146 0.65448100000000086762
-0.18999999999999928058 0.65610000000000079368
-0.18899999999999927969 0.65772100000000088826
-0.1879999999999992788 0.65934400000000081832
-0.18699999999999927791 0.66096900000000080588
-0.18599999999999927702 0.66259600000000085096
-0.18499999999999927613 0.66422500000000084253
-0.18399999999999927525 0.6658560000000008916
-0.18299999999999927436 0.66748900000000088717
-0.18199999999999927347 0.66912400000000082922
-0.18099999999999927258 0.67076100000000082879
-0.17999999999999927169 0.67240000000000088587
-0.17899999999999927081 0.67404100000000088944
-0.17799999999999926992 0.67568400000000083949
-0.17699999999999926903 0.67732900000000084706
-0.17599999999999926814 0.67897600000000091214
-0.17499999999999926725 0.68062500000000092371
-0.17399999999999926636 0.68227600000000088176
-0.17299999999999926548 0.68392900000000089733
-0.17199999999999926459 0.68558400000000085939
-0.1709999999999992637 0.68724100000000087896
-0.16999999999999926281 0.68890000000000095604
-0.16899999999999926192 0.69056100000000086858
-0.16799999999999926104 0.69222400000000094966
-0.16699999999999926015 0.69388900000000086621
-0.16599999999999925926 0.69555600000000095129
-0.16499999999999925837 0.69722500000000087184
-0.16399999999999925748 0.69889600000000096092
-0.16299999999999925659 0.70056900000000088546
-0.16199999999999925571 0.70224400000000097855
-0.16099999999999925482 0.70392100000000090709
-0.15999999999999925393 0.70560000000000089315
-0.15899999999999925304 0.70728100000000093672
-0.15799999999999925215 0.70896400000000092678
-0.15699999999999925127 0.71064900000000097435
-0.15599999999999925038 0.71233600000000096841
-0.15499999999999924949 0.71402500000000090896
-0.1539999999999992486 0.71571600000000090702
-0.15299999999999924771 0.71740900000000096259
-0.15199999999999924682 0.71910400000000096465
-0.15099999999999924594 0.7208010000000009132
-0.14999999999999924505 0.72250000000000091926
-0.14899999999999924416 0.72420100000000098284
-0.14799999999999924327 0.7259040000000009929
-0.14699999999999924238 0.72760900000000094945
-0.1459999999999992415 0.72931600000000096351
-0.14499999999999924061 0.73102500000000092406
-0.14399999999999923972 0.73273600000000094212
-0.14299999999999923883 0.7344490000000010177
-0.14199999999999923794 0.73616400000000092874
-0.14099999999999923705 0.73788100000000100831
-0.13999999999999923617 0.73960000000000103437
-0.13899999999999923528 0.74132100000000100692
-0.13799999999999923439 0.74304400000000103699
-0.1369999999999992335 0.74476900000000101354
-0.13599999999999923261 0.7464960000000010476
-0.13499999999999923173 0.74822500000000102816
-0.13399999999999923084 0.7499560000000009552
-0.13299999999999922995 0.75168900000000105077
-0.13199999999999922906 0.75342400000000098181
-0.13099999999999922817 0.75516100000000097037
-0.12999999999999922728 0.75690000000000101643
-0.1289999999999992264 0.75864100000000100898
-0.12799999999999922551 0.76038400000000105905
-0.12699999999999922462 0.7621290000000010556
-0.12599999999999922373 0.76387600000000099865
-0.12499999999999922284 0.7656250000000009992
-0.12399999999999922196 0.76737600000000105727
-0.12299999999999922107 0.76912900000000106182
-0.12199999999999922018 0.77088400000000101286
-0.12099999999999921929 0.77264100000000102142
-0.1199999999999992184 0.77440000000000108749
-0.11899999999999921751 0.77616100000000110004
-0.11799999999999921663 0.77792400000000105909
-0.11699999999999921574 0.77968900000000107564
-0.11599999999999921485 0.78145600000000103869
-0.11499999999999921396 0.78322500000000105924
-0.11399999999999921307 0.78499600000000102629
-0.11299999999999921219 0.78676900000000105084
-0.1119999999999992113 0.78854400000000102189
-0.11099999999999921041 0.79032100000000105045
-0.10999999999999920952 0.79210000000000102549
-0.10899999999999920863 0.79388100000000105805
-0.10799999999999920774 0.79566400000000103709
-0.10699999999999920686 0.79744900000000107365
-0.10599999999999920597 0.7992360000000010567
-0.10499999999999920508 0.80102500000000109726
-0.10399999999999920419 0.8028160000000010843
-0.1029999999999992033 0.80460900000000112886
-0.10199999999999920242 0.80640400000000111991
-0.10099999999999920153 0.80820100000000105744
-0.099999999999999200639 0.81000000000000116351
-0.098999999999999199751 0.81180100000000110505
-0.097999999999999198863 0.8136040000000011041
-0.096999999999999197975 0.81540900000000116066
-0.095999999999999197087 0.81721600000000116371
-0.094999999999999196199 0.81902500000000111324
-0.09399999999999919531 0.82083600000000112029
-0.092999999999999194422 0.82264900000000118485
-0.091999999999999193534 0.82446400000000108488
-0.090999999999999192646 0.82628100000000115344
-0.089999999999999191758 0.82810000000000116849
-0.088999999999999190869 0.82992100000000113003
-0.087999999999999189981 0.83174400000000114908
-0.086999999999999189093 0.83356900000000111461
-0.085999999999999188205 0.83539600000000113766
-0.084999999999999187317 0.8372250000000011072
-0.083999999999999186429 0.83905600000000113425
-0.08299999999999918554 0.84088900000000121882
-0.081999999999999184652 0.84272400000000113884
-0.080999999999999183764 0.84456100000000111638
-0.079999999999999182876 0.84640000000000115143
-0.078999999999999181988 0.84824100000000113297
-0.077999999999999181099 0.85008400000000117203
-0.076999999999999180211 0.85192900000000115757
-0.075999999999999179323 0.85377600000000120062
-0.074999999999999178435 0.85562500000000119016
-0.073999999999999177547 0.85747600000000123721
-0.072999999999999176659 0.85932900000000123075
-0.07199999999999917577 0.86118400000000117078
-0.070999999999999174882 0.86304100000000116832
-0.069999999999999173994 0.86490000000000122338
-0.068999999999999173106 0.86676100000000122492
-0.067999999999999172218 0.86862400000000117295
-0.06699999999999917133 0.87048900000000117849
-0.065999999999999170441 0.87235600000000124155
-0.064999999999999169553 0.87422500000000125109
-0.063999999999999168665 0.87609600000000120712
-0.062999999999999167777 0.87796900000000122066
-0.061999999999999166889 0.87984400000000118069
-0.060999999999999166 0.88172100000000119824
-0.059999999999999165112 0.88360000000000127329
-0.058999999999999164224 0.88548100000000129484
-0.057999999999999163336 0.88736400000000126287
-0.056999999999999162448 0.88924900000000128841
-0.05599999999999916156 0.89113600000000126045
-0.054999999999999160671 0.89302500000000128999
-0.053999999999999159783 0.89491600000000126602
-0.052999999999999158895 0.89680900000000129957
-0.051999999999999158007 0.8987040000000012796
-0.050999999999999157119 0.90060100000000131715
-0.049999999999999156231 0.90250000000000130118
-0.048999999999999155342 0.9044010000000012317
-0.047999999999999154454 0.90630400000000133076
-0.046999999999999153566 0.90820900000000126528
-0.045999999999999152678 0.91011600000000125732
-0.04499999999999915179 0.91202500000000130687
-0.043999999999999150901 0.9139360000000013029
-0.042999999999999150013 0.91584900000000124543
-0.041999999999999149125 0.91776400000000124546
-0.040999999999999148237 0.91968100000000130301
-0.039999999999999147349 0.92160000000000130704
-0.038999999999999146461 0.92352100000000125757
-0.037999999999999145572 0.9254440000000012656
-0.036999999999999144684 0.92736900000000133115
-0.035999999999999143796 0.92929600000000134319
-0.034999999999999142908 0.93122500000000130171
-0.03399999999999914202 0.93315600000000131775
-0.032999999999999141131 0.93508900000000128028
-0.031999999999999140243 0.93702400000000130031
-0.030999999999999139355 0.93896100000000137786
-0.029999999999999138467 0.94090000000000129088
-0.028999999999999137579 0.94284100000000137243
-0.027999999999999136691 0.94478400000000140047
-0.026999999999999135802 0.94672900000000137499
-0.025999999999999134914 0.94867600000000140703
-0.024999999999999134026 0.95062500000000138556
-0.023999999999999133138 0.95257600000000131057
-0.02299999999999913225 0.95452900000000140412
-0.021999999999999131362 0.95648400000000133314
-0.020999999999999130473 0.95844100000000131967
-0.019999999999999129585 0.96040000000000136371
-0.018999999999999128697 0.96236100000000135424
-0.017999999999999127809 0.96432400000000140228
-0.016999999999999126921 0.96628900000000139681
-0.015999999999999126032 0.96825600000000133782
-0.014999999999999125144 0.97022500000000133635
-0.013999999999999124256 0.97219600000000139239
-0.012999999999999123368 0.97416900000000139492
-0.01199999999999912248 0.97614400000000145496
-0.010999999999999121592 0.97812100000000135047
-0.0099999999999991207034 0.98010000000000141451
-0.0089999999999991198152 0.98208100000000142504
-0.007999999999999118927 0.98406400000000138206
-0.0069999999999991189062 0.98604900000000139659
-0.0059999999999991188854 0.98803600000000146863
-0.0049999999999991188646 0.99002500000000137614
-0.0039999999999991188437 0.99201600000000145219
-0.0029999999999991188229 0.99400900000000147472
-0.0019999999999991188021 0.99600400000000144374
-0.00099999999999911878129 0.99800100000000147027
8.8123952579621800396e-16 1.0000000000000013323
0.0010000000000008812603 1.0020010000000012518
0.0020000000000008812812 1.0040040000000012288
0.003000000000000881302 1.0060090000000012633
0.0040000000000008813228 1.0080160000000013554
0.0050000000000008813436 1.0100250000000012829
0.0060000000000008813644 1.0120360000000012679
0.0070000000000008813852 1.0140490000000013104
0.0080000000000008814061 1.0160640000000014105
0.0090000000000008822942 1.018081000000001346
0.010000000000000883182 1.020100000000001339
0.011000000000000884071 1.0221210000000013896
0.012000000000000884959 1.0241440000000012756
0.013000000000000885847 1.0261690000000014411
0.014000000000000886735 1.0281960000000014421
0.015000000000000887623 1.0302250000000012786
0.016000000000000888511 1.0322560000000013947
0.0170000000000008894 1.0342890000000013462
0.018000000000000890288 1.0363240000000013552
0.019000000000000891176 1.0383610000000014217
0.020000000000000892064 1.0404000000000013237
0.021000000000000892952 1.0424410000000015053
0.022000000000000893841 1.0444840000000013003
0.023000000000000894729 1.0465290000000013748
0.024000000000000895617 1.0485760000000015069
0.025000000000000896505 1.0506250000000014744
0.026000000000000897393 1.0526760000000014994
0.027000000000000898281 1.0547290000000013599
0.02800000000000089917 1.0567840000000014999
0.029000000000000900058 1.0588410000000014755
0.030000000000000900946 1.0609000000000015085
0.031000000000000901834 1.062961000000001377
0.032000000000000902722 1.065024000000001525
0.033000000000000903611 1.0670890000000015085
0.034000000000000904499 1.0691560000000015496
0.035000000000000905387 1.0712250000000014261
0.036000000000000906275 1.0732960000000013601
0.037000000000000907163 1.0753690000000015736
0.038000000000000908051 1.0774440000000014006
0.03900000000000090894 1.0795210000000015071
0.040000000000000909828 1.0816000000000014492
0.041000000000000910716 1.0836810000000014487
0.042000000000000911604 1.0857640000000015057
0.043000000000000912492 1.0878490000000013982
0.04400000000000091338 1.0899360000000015702
0.045000000000000914269 1.0920250000000015778
0.046000000000000915157 1.0941160000000014207
0.047000000000000916045 1.0962090000000015433
0.048000000000000916933 1.0983040000000015013
0.049000000000000917821 1.1004010000000015168
0.05000000000000091871 1.1025000000000015898
0.051000000000000919598 1.1046010000000014983
0.052000000000000920486 1.1067040000000014643
0.053000000000000921374 1.1088090000000014879
0.054000000000000922262 1.1109160000000015689
0.05500000000000092315 1.1130250000000014854
0.056000000000000924039 1.1151360000000014594
0.057000000000000924927 1.1172490000000014909
0.058000000000000925815 1.1193640000000015799
0.059000000000000926703 1.1214810000000015044
0.060000000000000927591 1.1236000000000014865
0.06100000000000092848 1.125721000000001526
0.062000000000000929368 1.127844000000001623
0.063000000000000930256 1.1299690000000015555
0.064000000000000931144 1.1320960000000015455
0.065000000000000932032 1.134225000000001593
0.06600000000000093292 1.136356000000001476
0.067000000000000933809 1.1384890000000016386
0.068000000000000934697 1.1406240000000016366
0.069000000000000935585 1.1427610000000016921
0.070000000000000936473 1.1449000000000015831
0.071000000000000937361 1.1470410000000015316
0.072000000000000938249 1.1491840000000015376
0.073000000000000939138 1.1513290000000016011
0.074000000000000940026 1.1534760000000015001
0.075000000000000940914 1.1556250000000016787
0.076000000000000941802 1.1577760000000016927
0.07700000000000094269 1.1599290000000015421
0.078000000000000943579 1.1620840000000016712
0.079000000000000944467 1.1642410000000016357
0.080000000000000945355 1.1664000000000016577
0.081000000000000946243 1.1685610000000017372
0.082000000000000947131 1.1707240000000016522
0.083000000000000948019 1.1728890000000016247
0.084000000000000948908 1.1750560000000016547
0.085000000000000949796 1.1772250000000017423
0.086000000000000950684 1.1793960000000016652
0.087000000000000951572 1.1815690000000016457
0.08800000000000095246 1.1837440000000016838
0.089000000000000953349 1.1859210000000015572
0.090000000000000954237 1.1881000000000017103
0.091000000000000955125 1.1902810000000016988
0.092000000000000956013 1.1924640000000017448
0.093000000000000956901 1.1946490000000016263
0.094000000000000957789 1.1968360000000017873
0.095000000000000958678 1.1990250000000017838
0.096000000000000959566 1.2012160000000016158
0.097000000000000960454 1.2034090000000017273
0.098000000000000961342 1.2056040000000016743
0.09900000000000096223 1.2078010000000016788
0.10000000000000096312 1.2100000000000017408
0.10100000000000096401 1.2122010000000016383
0.10200000000000096489 1.2144040000000018154
0.10300000000000096578 1.2166090000000018279
0.10400000000000096667 1.2188160000000016758
0.10500000000000096756 1.2210250000000018034
0.10600000000000096845 1.2232360000000017664
0.10700000000000096934 1.2254490000000017869
0.10800000000000097022 1.2276640000000016428
0.10900000000000097111 1.2298810000000017784
0.110000000000000972 1.2321000000000017494
0.11100000000000097289 1.2343210000000017779
0.11200000000000097378 1.2365440000000018639
0.11300000000000097466 1.2387690000000017854
0.11400000000000097555 1.2409960000000017644
0.11500000000000097644 1.2432250000000018009
0.11600000000000097733 1.2454560000000016728
0.11700000000000097822 1.2476890000000018244
0.11800000000000097911 1.2499240000000018114
0.11900000000000097999 1.2521610000000018559
0.12000000000000098088 1.2544000000000017359
0.12100000000000098177 1.2566410000000018954
0.12200000000000098266 1.2588840000000018904
0.12300000000000098355 1.2611290000000017208
0.12400000000000098443 1.2633760000000018309
0.12500000000000097145 1.2656250000000017764
0.12600000000000097233 1.2678760000000017794
0.12700000000000097322 1.2701290000000018399
0.12800000000000097411 1.2723840000000017358
0.129000000000000975 1.2746410000000019114
0.13000000000000097589 1.2769000000000019224
0.13100000000000097677 1.2791610000000017688
0.13200000000000097766 1.2814240000000018949
0.13300000000000097855 1.2836890000000018563
0.13400000000000097944 1.2859560000000018753
0.13500000000000098033 1.2882250000000019519
0.13600000000000098122 1.2904960000000018638
0.1370000000000009821 1.2927690000000018333
0.13800000000000098299 1.2950440000000018603
0.13900000000000098388 1.2973210000000019448
0.14000000000000098477 1.2996000000000018648
0.14100000000000098566 1.3018810000000018423
0.14200000000000098654 1.3041640000000018773
0.14300000000000098743 1.3064490000000019698
0.14400000000000098832 1.3087360000000018978
0.14500000000000098921 1.3110250000000018833
0.1460000000000009901 1.3133160000000019263
0.14700000000000099099 1.3156090000000018048
0.14800000000000099187 1.3179040000000019628
0.14900000000000099276 1.3202010000000019563
0.15000000000000099365 1.3225000000000020073
0.15100000000000099454 1.3248010000000018938
0.15200000000000099543 1.3271040000000018377
0.15300000000000099631 1.3294090000000018392
0.1540000000000009972 1.3317160000000018982
0.15500000000000099809 1.3340250000000020147
0.15600000000000099898 1.3363360000000019667
0.15700000000000099987 1.3386490000000019762
0.15800000000000100076 1.3409640000000020432
0.15900000000000100164 1.3432810000000019457
0.16000000000000100253 1.3456000000000019057
0.16100000000000100342 1.3479210000000019232
0.16200000000000100431 1.3502440000000019982
0.1630000000000010052 1.3525690000000019086
0.16400000000000100608 1.3548960000000018766
0.16500000000000100697 1.3572250000000019021
0.16600000000000100786 1.3595560000000019851
0.16700000000000100875 1.3618890000000019036
0.16800000000000100964 1.3642240000000018796
0.16900000000000101052 1.3665610000000019131
0.17000000000000101141 1.3689000000000020041
0.1710000000000010123 1.3712410000000019306
0.17200000000000101319 1.3735840000000019145
0.17300000000000101408 1.375929000000001956
0.17400000000000101497 1.378276000000002055
0.17500000000000101585 1.3806250000000019895
0.17600000000000101674 1.3829760000000019815
0.17700000000000101763 1.385329000000002031
0.17800000000000101852 1.387684000000001916
0.17900000000000101941 1.3900410000000020805
0.18000000000000102029 1.3924000000000020805
0.18100000000000102118 1.394761000000002138
0.18200000000000102207 1.3971240000000020309
0.18300000000000102296 1.3994890000000019814
0.18400000000000102385 1.4018560000000019894
0.18500000000000102474 1.4042250000000020549
0.18600000000000102562 1.4065960000000019559
0.18700000000000102651 1.4089690000000021364
0.1880000000000010274 1.4113440000000021524
0.18900000000000102829 1.4137210000000020038
0.19000000000000102918 1.4161000000000021348
0.19100000000000103006 1.4184810000000021013
0.19200000000000103095 1.4208640000000021253
0.19300000000000103184 1.4232490000000019847
0.19400000000000103273 1.4256360000000021238
0.19500000000000103362 1.4280250000000020982
0.19600000000000103451 1.4304160000000021302
0.19700000000000103539 1.4328090000000019977
0.19800000000000103628 1.4352040000000021447
0.19900000000000103717 1.4376010000000021272
0.20000000000000103806 1.4400000000000021672
0.20100000000000103895 1.4424010000000020426
0.20200000000000103983 1.4448040000000021976
0.20300000000000104072 1.4472090000000021881
0.20400000000000104161 1.4496160000000022361
0.2050000000000010425 1.4520250000000021195
0.20600000000000104339 1.4544360000000020605
0.20700000000000104428 1.456849000000002059
0.20800000000000104516 1.459264000000002115
0.20900000000000104605 1.4616810000000022285
0.21000000000000104694 1.4641000000000021775
0.21100000000000104783 1.4665210000000021839
0.21200000000000104872 1.4689440000000022479
0.2130000000000010496 1.4713690000000021474
0.21400000000000105049 1.4737960000000021044
0.21500000000000105138 1.4762250000000021188
0.21600000000000105227 1.4786560000000021908
0.21700000000000105316 1.4810890000000020983
0.21800000000000105405 1.4835240000000022853
0.21900000000000105493 1.4859610000000023078
0.22000000000000105582 1.4884000000000021657
0.22100000000000105671 1.4908410000000023032
0.2220000000000010576 1.4932840000000022762
0.22300000000000105849 1.4957290000000023067
0.22400000000000105937 1.4981760000000021726
0.22500000000000106026 1.5006250000000023181
0.22600000000000106115 1.5030760000000022991
0.22700000000000106204 1.5055290000000023376
0.22800000000000106293 1.5079840000000022116
0.22900000000000106382 1.510441000000002143
0.2300000000000010647 1.512900000000002354
0.23100000000000106559 1.5153610000000021785
0.23200000000000106648 1.5178240000000022825
0.23300000000000106737 1.5202890000000022219
0.23400000000000106826 1.5227560000000022189
0.23500000000000106914 1.5252250000000022734
0.23600000000000107003 1.5276960000000023854
0.23700000000000107092 1.5301690000000023328
0.23800000000000107181 1.5326440000000023378
0.2390000000000010727 1.5351210000000024003
0.24000000000000107359 1.5376000000000022983
0.24100000000000107447 1.5400810000000022537
0.24200000000000107536 1.5425640000000022667
0.24300000000000107625 1.5450490000000023372
0.24400000000000107714 1.5475360000000022431
0.24500000000000107803 1.5500250000000024286
0.24600000000000107891 1.5525160000000022276
0.2470000000000010798 1.5550090000000023061
0.24800000000000108069 1.5575040000000024421
0.24900000000000108158 1.5600010000000024135
0.25000000000000105471 1.5625000000000022204
0.2510000000000010556 1.5650010000000023069
0.25200000000000105649 1.5675040000000022289
0.25300000000000105738 1.5700090000000024304
0.25400000000000105826 1.5725160000000022453
0.25500000000000105915 1.5750250000000023398
0.25600000000000106004 1.5775360000000022698
0.25700000000000106093 1.5800490000000024793
0.25800000000000106182 1.5825640000000023022
0.25900000000000106271 1.5850810000000024047
0.26000000000000106359 1.5876000000000023427
0.26100000000000106448 1.5901210000000023381
0.26200000000000106537 1.5926440000000023911
0.26300000000000106626 1.5951690000000025016
0.26400000000000106715 1.5976960000000024475
0.26500000000000106803 1.600225000000002451
0.26600000000000106892 1.602756000000002512
0.26700000000000106981 1.6052890000000024084
0.2680000000000010707 1.6078240000000023624
0.26900000000000107159 1.6103610000000023739
0.27000000000000107248 1.6129000000000024428
0.27100000000000107336 1.6154410000000023473
0.27200000000000107425 1.6179840000000025313
0.27300000000000107514 1.6205290000000023287
0.27400000000000107603 1.6230760000000024057
0.27500000000000107692 1.6256250000000025402
0.2760000000000010778 1.6281760000000025101
0.27700000000000107869 1.6307290000000025376
0.27800000000000107958 1.6332840000000024006
0.27900000000000108047 1.635841000000002543
0.28000000000000108136 1.638400000000002521
0.28100000000000108225 1.6409610000000025565
0.28200000000000108313 1.6435240000000024274
0.28300000000000108402 1.6460890000000025779
0.28400000000000108491 1.6486560000000025639
0.2850000000000010858 1.6512250000000023853
0.28600000000000108669 1.6537960000000024863
0.28700000000000108757 1.6563690000000024227
0.28800000000000108846 1.6589440000000024167
0.28900000000000108935 1.6615210000000024682
0.29000000000000109024 1.6641000000000025771
0.29100000000000109113 1.6666810000000025216
0.29200000000000109202 1.6692640000000025235
0.2930000000000010929 1.671849000000002583
0.29400000000000109379 1.674436000000002478
0.29500000000000109468 1.6770250000000026525
0.29600000000000109557 1.6796160000000024404
0.29700000000000109646 1.6822090000000025078
0.29800000000000109734 1.6848040000000026328
0.29900000000000109823 1.6874010000000025933
0.30000000000000109912 1.6900000000000026112
0.30100000000000110001 1.6926010000000024647
0.3020000000000011009 1.6952040000000025977
0.30300000000000110179 1.6978090000000025661
0.30400000000000110267 1.7004160000000025921
0.30500000000000110356 1.7030250000000026755
0.30600000000000110445 1.7056360000000025945
0.30700000000000110534 1.7082490000000025709
0.30800000000000110623 1.7108640000000026049
0.30900000000000110711 1.7134810000000026964
0.310000000000001108 1.7161000000000026233
0.31100000000000110889 1.7187210000000026078
0.31200000000000110978 1.7213440000000026497
0.31300000000000111067 1.7239690000000025272
0.31400000000000111156 1.7265960000000026842
0.31500000000000111244 1.7292250000000026766
0.31600000000000111333 1.7318560000000027266
0.31700000000000111422 1.734489000000002612
0.31800000000000111511 1.737124000000002555
0.319000000000001116 1.7397610000000025554
0.32000000000000111688 1.7424000000000026134
0.32100000000000111777 1.7450410000000027289
0.32200000000000111866 1.7476840000000026798
0.32300000000000111955 1.7503290000000026883
0.32400000000000112044 1.7529760000000027542
0.32500000000000112133 1.7556250000000026557
0.32600000000000112221 1.7582760000000026146
0.3270000000000011231 1.7609290000000026311
0.32800000000000112399 1.763584000000002705
0.32900000000000112488 1.7662410000000026145
0.33000000000000112577 1.7689000000000028034
0.33100000000000112665 1.7715610000000028279
0.33200000000000112754 1.7742240000000026878
0.33300000000000112843 1.7768890000000028273
0.33400000000000112932 1.7795560000000028023
0.33500000000000113021 1.7822250000000028347
0.3360000000000011311 1.7848960000000027026
0.33700000000000113198 1.7875690000000028501
0.33800000000000113287 1.7902440000000028331
0.33900000000000113376 1.7929210000000028735
0.34000000000000113465 1.7956000000000027494
0.34100000000000113554 1.7982810000000026829
0.34200000000000113642 1.8009640000000026738
0.34300000000000113731 1.8036490000000027223
0.3440000000000011382 1.8063360000000028283
0.34500000000000113909 1.8090250000000027697
0.34600000000000113998 1.8117160000000027686
0.34700000000000114087 1.8144090000000028251
0.34800000000000114175 1.817104000000002717
0.34900000000000114264 1.8198010000000028885
0.35000000000000114353 1.8225000000000028955
0.35100000000000114442 1.8252010000000027379
0.35200000000000114531 1.8279040000000028598
0.35300000000000114619 1.8306090000000028173
0.35400000000000114708 1.8333160000000028322
0.35500000000000114797 1.8360250000000029047
0.35600000000000114886 1.8387360000000028126
0.35700000000000114975 1.8414490000000027781
0.35800000000000115064 1.844164000000002801
0.35900000000000115152 1.8468810000000028815
0.36000000000000115241 1.8496000000000027974
0.3610000000000011533 1.8523210000000027708
0.36200000000000115419 1.8550440000000028018
0.36300000000000115508 1.8577690000000028903
0.36400000000000115596 1.8604960000000028142
0.36500000000000115685 1.8632250000000027956
0.36600000000000115774 1.8659560000000028346
0.36700000000000115863 1.868689000000002931
0.36800000000000115952 1.871424000000002863
0.36900000000000116041 1.8741610000000028524
0.37000000000000116129 1.8769000000000028994
0.37100000000000116218 1.8796410000000030038
0.37200000000000116307 1.8823840000000029438
0.37300000000000116396 1.8851290000000029412
0.37400000000000116485 1.8878760000000029962
0.37500000000000116573 1.8906250000000028866
0.37600000000000116662 1.8933760000000030566
0.37700000000000116751 1.89612900000000284
0.3780000000000011684 1.8988840000000029029
0.37900000000000116929 1.9016410000000030234
0.38000000000000117018 1.9044000000000029793
0.38100000000000117106 1.9071610000000029927
0.38200000000000117195 1.9099240000000028417
0.38300000000000117284 1.9126890000000029701
0.38400000000000117373 1.9154560000000029341
0.38500000000000117462 1.9182250000000029555
0.3860000000000011755 1.9209960000000030345
0.38700000000000117639 1.9237690000000029489
0.38800000000000117728 1.9265440000000029208
0.38900000000000117817 1.9293210000000029503
0.39000000000000117906 1.9321000000000030372
0.39100000000000117995 1.9348810000000029596
0.39200000000000118083 1.9376640000000029396
0.39300000000000118172 1.940449000000002977
0.39400000000000118261 1.943236000000003072
0.3950000000000011835 1.9460250000000030024
0.39600000000000118439 1.9488160000000029903
0.39700000000000118527 1.9516090000000030358
0.39800000000000118616 1.9544040000000031387
0.39900000000000118705 1.9572010000000030772
0.40000000000000118794 1.9600000000000030731
0.40100000000000118883 1.9628010000000031265
0.40200000000000118971 1.9656040000000030155
0.4030000000000011906 1.9684090000000031839
0.40400000000000119149 1.9712160000000031879
0.40500000000000119238 1.9740250000000030273
0.40600000000000119327 1.9768360000000031462
0.40700000000000119416 1.9796490000000031007
0.40800000000000119504 1.9824640000000031126
0.40900000000000119593 1.985281000000003182
0.41000000000000119682 1.988100000000003087
0.41100000000000119771 1.9909210000000030494
0.4120000000000011986 1.9937440000000030693
0.41300000000000119948 1.9965690000000031468
0.41400000000000120037 1.9993960000000030597
0.41500000000000120126 2.0022250000000032522
0.41600000000000120215 2.0050560000000032801
0.41700000000000120304 2.0078890000000031435
0.41800000000000120393 2.0107240000000032865
0.41900000000000120481 2.0135610000000032649
0.4200000000000012057 2.0164000000000030788
0.42100000000000120659 2.0192410000000031722
0.42200000000000120748 2.0220840000000031011
0.42300000000000120837 2.0249290000000033096
0.42400000000000120925 2.0277760000000033536
0.42500000000000121014 2.030625000000003233
0.42600000000000121103 2.0334760000000033919
0.42700000000000121192 2.0363290000000033864
0.42800000000000121281 2.0391840000000032163
0.4290000000000012137 2.0420410000000033257
0.43000000000000121458 2.0449000000000032706
0.43100000000000121547 2.047761000000003051
0.43200000000000121636 2.050624000000003111
0.43300000000000121725 2.0534890000000034505
0.43400000000000121814 2.0563560000000031813
0.43500000000000121902 2.0592250000000031918
0.43600000000000121991 2.0620960000000030377
0.4370000000000012208 2.0649690000000031631
0.43800000000000122169 2.067844000000003124
0.43900000000000122258 2.0707210000000033645
0.44000000000000122347 2.0736000000000034404
0.44100000000000122435 2.0764810000000033519
0.44200000000000122524 2.0793640000000030987
0.44300000000000122613 2.0822490000000031252
0.44400000000000122702 2.0851360000000034312
0.44500000000000122791 2.0880250000000031285
0.44600000000000122879 2.0909160000000031054
0.44700000000000122968 2.0938090000000033619
0.44800000000000123057 2.0967040000000034539
0.44900000000000123146 2.0996010000000033813
0.45000000000000123235 2.1025000000000031442
0.45100000000000123324 2.1054010000000031866
0.45200000000000123412 2.1083040000000035086
0.45300000000000123501 2.1112090000000032219
0.4540000000000012359 2.1141160000000032149
0.45500000000000123679 2.1170250000000034873
0.45600000000000123768 2.1199360000000031512
0.45700000000000123856 2.1228490000000035387
0.45800000000000123945 2.1257640000000033176
0.45900000000000124034 2.128681000000003376
0.46000000000000124123 2.1316000000000032699
0.46100000000000124212 2.1345210000000034434
0.46200000000000124301 2.1374440000000034523
0.46300000000000124389 2.1403690000000032967
0.46400000000000124478 2.1432960000000034206
0.46500000000000124567 2.1462250000000033801
0.46600000000000124656 2.1491560000000031749
0.46700000000000124745 2.1520890000000032494
0.46800000000000124833 2.1550240000000036034
0.46900000000000124922 2.1579610000000033487
0.47000000000000125011 2.1609000000000033737
0.471000000000001251 2.163841000000003234
0.47200000000000125189 2.166784000000003374
0.47300000000000125278 2.1697290000000033494
0.47400000000000125366 2.1726760000000036044
0.47500000000000125455 2.1756250000000036948
0.47600000000000125544 2.1785760000000036207
0.47700000000000125633 2.1815290000000033821
0.47800000000000125722 2.184484000000003423
0.4790000000000012581 2.1874410000000032994
0.48000000000000125899 2.1904000000000034554
0.48100000000000125988 2.1933610000000034468
0.48200000000000126077 2.1963240000000037178
0.48300000000000126166 2.1992890000000033801
0.48400000000000126255 2.202256000000003322
0.48500000000000126343 2.2052250000000035435
0.48600000000000126432 2.2081960000000036004
0.48700000000000126521 2.2111690000000034928
0.4880000000000012661 2.2141440000000036648
0.48900000000000126699 2.2171210000000036722
0.49000000000000126787 2.2201000000000035151
0.49100000000000126876 2.2230810000000036375
0.49200000000000126965 2.2260640000000035954
0.49300000000000127054 2.2290490000000033888
0.49400000000000127143 2.2320360000000034617
0.49500000000000127232 2.2350250000000038142
0.4960000000000012732 2.2380160000000035581
0.49700000000000127409 2.2410090000000035815
0.49800000000000127498 2.2440040000000034404
0.49900000000000127587 2.2470010000000035788
0.50000000000000122125 2.2500000000000035527
0.50100000000000122213 2.2530010000000033621
0.50200000000000122302 2.256004000000003451
0.50300000000000122391 2.2590090000000033754
0.5040000000000012248 2.2620160000000035794
0.50500000000000122569 2.2650250000000031747
0.50600000000000122657 2.2680360000000034937
0.50700000000000122746 2.271049000000003204
0.50800000000000122835 2.274064000000003638
0.50900000000000122924 2.2770810000000034634
0.51000000000000123013 2.2801000000000035683
0.51100000000000123102 2.2831210000000035087
0.5120000000000012319 2.2861440000000037287
0.51300000000000123279 2.28916900000000334
0.51400000000000123368 2.292196000000003675
0.51500000000000123457 2.2952250000000034014
0.51600000000000123546 2.2982560000000038514
0.51700000000000123634 2.3012890000000032487
0.51800000000000123723 2.3043240000000038137
0.51900000000000123812 2.307361000000003326
0.52000000000000123901 2.310400000000003562
0.5210000000000012399 2.3134410000000036334
0.52200000000000124079 2.3164840000000035403
0.52300000000000124167 2.3195290000000032826
0.52400000000000124256 2.3225760000000037486
0.52500000000000124345 2.325625000000003606
0.52600000000000124434 2.3286760000000037429
0.52700000000000124523 2.3317290000000037153
0.52800000000000124611 2.3347840000000035232
0.529000000000001247 2.3378410000000036106
0.53000000000000124789 2.3409000000000035335
0.53100000000000124878 2.343961000000003736
0.53200000000000124967 2.3470240000000037739
0.53300000000000125056 2.3500890000000036473
0.53400000000000125144 2.3531560000000038002
0.53500000000000125233 2.3562250000000033445
0.53600000000000125322 2.3592960000000036125
0.53700000000000125411 2.3623690000000037159
0.538000000000001255 2.3654440000000036548
0.53900000000000125588 2.3685210000000034292
0.54000000000000125677 2.3716000000000039272
0.54100000000000125766 2.3746810000000033725
0.54200000000000125855 2.3777640000000035414
0.54300000000000125944 2.3808490000000035458
0.54400000000000126033 2.3839360000000038298
0.54500000000000126121 2.3870250000000035051
0.5460000000000012621 2.3901160000000039041
0.54700000000000126299 2.3932090000000036945
0.54800000000000126388 2.3963040000000037644
0.54900000000000126477 2.3994010000000036698
0.55000000000000126565 2.4025000000000038547
0.55100000000000126654 2.405601000000003431
0.55200000000000126743 2.408704000000003731
0.55300000000000126832 2.4118090000000034223
0.55400000000000126921 2.4149160000000038373
0.5550000000000012701 2.4180250000000036437
0.55600000000000127098 2.4211360000000037296
0.55700000000000127187 2.424249000000003651
0.55800000000000127276 2.4273640000000038519
0.55900000000000127365 2.4304810000000034442
0.56000000000000127454 2.4336000000000037602
0.56100000000000127542 2.4367210000000039116
0.56200000000000127631 2.4398440000000038985
0.5630000000000012772 2.4429690000000037209
0.56400000000000127809 2.4460960000000038228
0.56500000000000127898 2.4492250000000037602
0.56600000000000127987 2.4523560000000039771
0.56700000000000128075 2.4554890000000035855
0.56800000000000128164 2.4586240000000039174
0.56900000000000128253 2.4617610000000036408
0.57000000000000128342 2.4649000000000040878
0.57100000000000128431 2.4680410000000039261
0.57200000000000128519 2.471184000000004044
0.57300000000000128608 2.4743290000000035533
0.57400000000000128697 2.4774760000000037863
0.57500000000000128786 2.4806250000000038547
0.57600000000000128875 2.4837760000000042027
0.57700000000000128964 2.486929000000003942
0.57800000000000129052 2.4900840000000039609
0.57900000000000129141 2.4932410000000038153
0.5800000000000012923 2.4964000000000039492
0.58100000000000129319 2.4995610000000039186
0.58200000000000129408 2.5027240000000041675
0.58300000000000129496 2.5058890000000038079
0.58400000000000129585 2.5090560000000041718
0.58500000000000129674 2.5122250000000039272
0.58600000000000129763 2.5153960000000039621
0.58700000000000129852 2.5185690000000038324
0.58800000000000129941 2.5217440000000039824
0.58900000000000130029 2.5249210000000039678
0.59000000000000130118 2.5281000000000042327
0.59100000000000130207 2.531281000000003889
0.59200000000000130296 2.534464000000004269
0.59300000000000130385 2.5376490000000040403
0.59400000000000130473 2.5408360000000040912
0.59500000000000130562 2.5440250000000039776
0.59600000000000130651 2.5472160000000041435
0.5970000000000013074 2.5504090000000037008
0.59800000000000130829 2.5536040000000039818
0.59900000000000130917 2.5568010000000040982
0.60000000000000131006 2.5600000000000040501
0.60100000000000131095 2.5632010000000038374
0.60200000000000131184 2.5664040000000039043
0.60300000000000131273 2.5696090000000038067
0.60400000000000131362 2.5728160000000039886
0.6050000000000013145 2.576025000000004006
0.60600000000000131539 2.579236000000004303
0.60700000000000131628 2.5824490000000039913
0.60800000000000131717 2.5856640000000039592
0.60900000000000131806 2.5888810000000042066
0.61000000000000131894 2.5921000000000042895
0.61100000000000131983 2.5953210000000037638
0.61200000000000132072 2.5985440000000039618
0.61300000000000132161 2.6017690000000039952
0.6140000000000013225 2.6049960000000043081
0.61500000000000132339 2.6082250000000040124
0.61600000000000132427 2.6114560000000039963
0.61700000000000132516 2.6146890000000038157
0.61800000000000132605 2.6179240000000043587
0.61900000000000132694 2.621161000000003849
0.62000000000000132783 2.6244000000000040629
0.62100000000000132871 2.6276410000000041123
0.6220000000000013296 2.6308840000000044412
0.62300000000000133049 2.6341290000000041616
0.62400000000000133138 2.6373760000000041614
0.62500000000000133227 2.6406250000000039968
0.62600000000000133316 2.6438760000000041117
0.62700000000000133404 2.6471290000000040621
0.62800000000000133493 2.650384000000004292
0.62900000000000133582 2.6536410000000039133
0.63000000000000133671 2.6569000000000042583
0.6310000000000013376 2.6601610000000039946
0.63200000000000133848 2.6634240000000044546
0.63300000000000133937 2.6666890000000043059
0.63400000000000134026 2.6699560000000044369
0.63500000000000134115 2.6732250000000039591
0.63600000000000134204 2.6764960000000042051
0.63700000000000134293 2.6797690000000042865
0.63800000000000134381 2.6830440000000042033
0.6390000000000013447 2.6863210000000039557
0.64000000000000134559 2.6896000000000044317
0.64100000000000134648 2.692881000000004299
0.64200000000000134737 2.6961640000000044459
0.64300000000000134825 2.6994490000000039842
0.64400000000000134914 2.7027360000000042461
0.64500000000000135003 2.7060250000000043435
0.64600000000000135092 2.7093160000000042764
0.64700000000000135181 2.7126090000000040448
0.6480000000000013527 2.7159040000000045367
0.64900000000000135358 2.7192010000000044201
0.65000000000000135447 2.722500000000004583
0.65100000000000135536 2.7258010000000041373
0.65200000000000135625 2.7291040000000044152
0.65300000000000135714 2.7324090000000040845
0.65400000000000135802 2.7357160000000044775
0.65500000000000135891 2.7390250000000042618
0.6560000000000013598 2.7423360000000043257
0.65700000000000136069 2.7456490000000042251
0.65800000000000136158 2.748964000000004404
0.65900000000000136247 2.7522810000000044184
0.66000000000000136335 2.7556000000000047123
0.66100000000000136424 2.7589210000000043976
0.66200000000000136513 2.7622440000000043625
0.66300000000000136602 2.7655690000000041628
0.66400000000000136691 2.7688960000000046868
0.66500000000000136779 2.7722250000000041581
0.66600000000000136868 2.775556000000004353
0.66700000000000136957 2.7788890000000043834
0.66800000000000137046 2.7822240000000046933
0.66900000000000137135 2.7855610000000043946
0.67000000000000137224 2.7889000000000043755
0.67100000000000137312 2.7922410000000041919
0.67200000000000137401 2.7955840000000047318
0.6730000000000013749 2.7989290000000042191
0.67400000000000137579 2.80227600000000443
0.67500000000000137668 2.8056250000000044764
0.67600000000000137756 2.8089760000000048024
0.67700000000000137845 2.8123290000000045197
0.67800000000000137934 2.8156840000000045166
0.67900000000000138023 2.8190410000000043489
0.68000000000000138112 2.8224000000000044608
0.68100000000000138201 2.8257610000000044082
0.68200000000000138289 2.8291240000000046351
0.68300000000000138378 2.8324890000000042534
0.68400000000000138467 2.8358560000000045953
0.68500000000000138556 2.8392250000000043286
0.68600000000000138645 2.8425960000000047856
0.68700000000000138733 2.8459690000000046339
0.68800000000000138822 2.8493440000000047618
0.68900000000000138911 2.8527210000000042811
0.69000000000000139 2.856100000000004524
0.69100000000000139089 2.8594810000000046024
0.69200000000000139178 2.8628640000000045163
0.69300000000000139266 2.8662490000000042656
0.69400000000000139355 2.8696360000000047386
0.69500000000000139444 2.8730250000000046029
0.69600000000000139533 2.8764160000000047468
0.69700000000000139622 2.8798090000000042821
0.6980000000000013971 2.883204000000004541
0.69900000000000139799 2.8866010000000046354
0.70000000000000139888 2.8900000000000045652
0.70100000000000139977 2.8934010000000043306
0.70200000000000140066 2.8968040000000048195
0.70300000000000140155 2.9002090000000046999
0.70400000000000140243 2.9036160000000048598
0.70500000000000140332 2.907025000000004411
0.70600000000000140421 2.910436000000004686
0.7070000000000014051 2.9138490000000043523
0.70800000000000140599 2.9172640000000047422
0.70900000000000140687 2.9206810000000045235
0.71000000000000140776 2.9241000000000045844
0.71100000000000140865 2.9275210000000044808
0.71200000000000140954 2.9309440000000046567
0.71300000000000141043 2.934369000000004668
0.71400000000000141132 2.937796000000004959
0.7150000000000014122 2.9412250000000046413
0.71600000000000141309 2.9446560000000046031
0.71700000000000141398 2.9480890000000048445
0.71800000000000141487 2.9515240000000049214
0.71900000000000141576 2.9549610000000043897
0.72000000000000141664 2.9584000000000050257
0.72100000000000141753 2.9618410000000046089
0.72200000000000141842 2.9652840000000049159
0.72300000000000141931 2.9687290000000046142
0.7240000000000014202 2.9721760000000050361
0.72500000000000142109 2.9756250000000044054
0.72600000000000142197 2.9790760000000049423
0.72700000000000142286 2.9825290000000048707
0.72800000000000142375 2.9859840000000050786
0.72900000000000142464 2.9894410000000046779
0.73000000000000142553 2.9929000000000050008
0.73100000000000142641 2.9963610000000047151
0.7320000000000014273 2.999824000000004709
0.73300000000000142819 3.0032890000000049824
0.73400000000000142908 3.0067560000000050913
0.73500000000000142997 3.0102250000000045915
0.73600000000000143086 3.0136960000000048154
0.73700000000000143174 3.0171690000000048748
0.73800000000000143263 3.0206440000000052137
0.73900000000000143352 3.0241210000000045
0.74000000000000143441 3.0276000000000049539
0.7410000000000014353 3.0310810000000047992
0.74200000000000143618 3.0345640000000049241
0.74300000000000143707 3.0380490000000048845
0.74400000000000143796 3.0415360000000051244
0.74500000000000143885 3.0450250000000047557
0.74600000000000143974 3.0485160000000051106
0.74700000000000144063 3.0520090000000048569
0.74800000000000144151 3.0555040000000048828
0.7490000000000014424 3.0590010000000047441
0.75000000000000144329 3.0625000000000053291
0.75100000000000144418 3.0660010000000048613
0.75200000000000144507 3.0695040000000051172
0.75300000000000144595 3.0730090000000047645
0.75400000000000144684 3.0765160000000051355
0.75500000000000144773 3.0800250000000048978
0.75600000000000144862 3.0835360000000049396
0.75700000000000144951 3.087049000000004817
0.7580000000000014504 3.0905640000000049739
0.75900000000000145128 3.0940810000000049662
0.76000000000000145217 3.0976000000000052381
0.76100000000000145306 3.1011210000000049014
0.76200000000000145395 3.1046440000000052883
0.76300000000000145484 3.1081690000000050667
0.76400000000000145572 3.1116960000000051245
0.76500000000000145661 3.1152250000000050179
0.7660000000000014575 3.1187560000000051907
0.76700000000000145839 3.122289000000004755
0.76800000000000145928 3.1258240000000050429
0.76900000000000146017 3.1293610000000047222
0.77000000000000146105 3.1329000000000051251
0.77100000000000146194 3.1364410000000049195
0.77200000000000146283 3.1399840000000054374
0.77300000000000146372 3.1435290000000049027
0.77400000000000146461 3.1470760000000050916
0.77500000000000146549 3.1506250000000051159
0.77600000000000146638 3.1541760000000049757
0.77700000000000146727 3.1577290000000051151
0.77800000000000146816 3.16128400000000509
0.77900000000000146905 3.1648410000000049003
0.78000000000000146994 3.1684000000000054342
0.78100000000000147082 3.1719610000000049155
0.78200000000000147171 3.1755240000000051204
0.7830000000000014726 3.1790890000000051607
0.78400000000000147349 3.1826560000000050366
0.78500000000000147438 3.1862250000000051919
0.78600000000000147526 3.1897960000000051828
0.78700000000000147615 3.1933690000000050091
0.78800000000000147704 3.1969440000000055591
0.78900000000000147793 3.2005210000000050563
0.79000000000000147882 3.2041000000000052772
0.79100000000000147971 3.2076810000000053336
0.79200000000000148059 3.2112640000000052254
0.79300000000000148148 3.2148490000000053968
0.79400000000000148237 3.2184360000000054036
0.79500000000000148326 3.2220250000000052459
0.79600000000000148415 3.2256160000000053678
0.79700000000000148503 3.2292090000000053251
0.79800000000000148592 3.232804000000005562
0.79900000000000148681 3.2364010000000051903
0.8000000000000014877 3.2400000000000055422
0.80100000000000148859 3.2436010000000052855
0.80200000000000148948 3.2472040000000053084
0.80300000000000149036 3.2508090000000051667
0.80400000000000149125 3.2544160000000053046
0.80500000000000149214 3.2580250000000052779
0.80600000000000149303 3.2616360000000055308
0.80700000000000149392 3.2652490000000051751
0.8080000000000014948 3.268864000000005543
0.80900000000000149569 3.2724810000000053023
0.81000000000000149658 3.2761000000000057852
0.81100000000000149747 3.2797210000000052155
0.81200000000000149836 3.2833440000000058134
0.81300000000000149925 3.2869690000000053587
0.81400000000000150013 3.2905960000000056276
0.81500000000000150102 3.2942250000000052879
0.81600000000000150191 3.2978560000000056718
0.8170000000000015028 3.3014890000000054471
0.81800000000000150369 3.3051240000000055019
0.81900000000000150457 3.3087610000000053923
0.82000000000000150546 3.3124000000000055621
0.82100000000000150635 3.3160410000000055675
0.82200000000000150724 3.3196840000000058524
0.82300000000000150813 3.3233290000000055286
0.82400000000000150902 3.3269760000000054845
0.8250000000000015099 3.3306250000000052758
0.82600000000000151079 3.3342760000000057907
0.82700000000000151168 3.337929000000005253
0.82800000000000151257 3.3415840000000054388
0.82900000000000151346 3.3452410000000054602
0.83000000000000151434 3.3489000000000057611
0.83100000000000151523 3.3525610000000054534
0.83200000000000151612 3.3562240000000054252
0.83300000000000151701 3.3598890000000052325
0.8340000000000015179 3.3635560000000057634
0.83500000000000151879 3.3672250000000056858
0.83600000000000151967 3.3708960000000054436
0.83700000000000152056 3.3745690000000054809
0.83800000000000152145 3.3782440000000057978
0.83900000000000152234 3.3819210000000055061
0.84000000000000152323 3.3856000000000054939
0.84100000000000152411 3.3892810000000057613
0.842000000000001525 3.3929640000000058642
0.84300000000000152589 3.3966490000000053584
0.84400000000000152678 3.4003360000000055763
0.84500000000000152767 3.4040250000000056296
0.84600000000000152856 3.4077160000000059625
0.84700000000000152944 3.4114090000000056868
0.84800000000000153033 3.4151040000000056907
0.84900000000000153122 3.41880100000000553
0.85000000000000153211 3.4225000000000056488
0.851000000000001533 3.4262010000000056031
0.85200000000000153388 3.429904000000005837
0.85300000000000153477 3.4336090000000054623
0.85400000000000153566 3.4373160000000058112
0.85500000000000153655 3.4410250000000055515
0.85600000000000153744 3.4447360000000060154
0.85700000000000153833 3.4484490000000054266
0.85800000000000153921 3.4521640000000060056
0.8590000000000015401 3.4558810000000055318
0.86000000000000154099 3.4596000000000057817
0.86100000000000154188 3.463321000000005867
0.86200000000000154277 3.4670440000000057879
0.86300000000000154365 3.4707690000000055441
0.86400000000000154454 3.4744960000000060241
0.86500000000000154543 3.4782250000000054513
0.86600000000000154632 3.4819560000000060462
0.86700000000000154721 3.4856890000000055885
0.86800000000000154809 3.4894240000000058544
0.86900000000000154898 3.4931610000000059557
0.87000000000000154987 3.4969000000000058925
0.87100000000000155076 3.5006410000000056648
0.87200000000000155165 3.5043840000000061607
0.87300000000000155254 3.508129000000005604
0.87400000000000155342 3.5118760000000057708
0.87500000000000155431 3.5156250000000057732
0.8760000000000015552 3.519376000000006055
0.87700000000000155609 3.5231290000000057283
0.87800000000000155698 3.5268840000000061252
0.87900000000000155786 3.5306410000000054694
0.88000000000000155875 3.5344000000000059813
0.88100000000000155964 3.5381610000000058847
0.88200000000000156053 3.5419240000000060675
0.88300000000000156142 3.5456890000000056418
0.88400000000000156231 3.5494560000000059397
0.88500000000000156319 3.5532250000000056289
0.88600000000000156408 3.5569960000000060418
0.88700000000000156497 3.5607690000000058461
0.88800000000000156586 3.56454400000000593
0.88900000000000156675 3.5683210000000058493
0.89000000000000156763 3.5721000000000060481
0.89100000000000156852 3.5758810000000060825
0.89200000000000156941 3.5796640000000059523
0.8930000000000015703 3.5834490000000061016
0.89400000000000157119 3.5872360000000060865
0.89500000000000157208 3.5910250000000059067
0.89600000000000157296 3.5948160000000060066
0.89700000000000157385 3.5986090000000059419
0.89800000000000157474 3.6024040000000061568
0.89900000000000157563 3.606201000000005763
0.90000000000000157652 3.6100000000000060929
0.9010000000000015774 3.6138010000000058142
0.90200000000000157829 3.6176040000000062591
0.90300000000000157918 3.6214090000000060954
0.90400000000000158007 3.6252160000000062112
0.90500000000000158096 3.6290250000000057184
0.90600000000000158185 3.6328360000000063934
0.90700000000000158273 3.6366490000000060157
0.90800000000000158362 3.6404640000000059175
0.90900000000000158451 3.6442810000000060988
0.9100000000000015854 3.6481000000000061156
0.91100000000000158629 3.6519210000000059679
0.91200000000000158717 3.6557440000000060998
0.91300000000000158806 3.6595690000000060671
0.91400000000000158895 3.663396000000006314
0.91500000000000158984 3.6672250000000059522
0.91600000000000159073 3.6710560000000063141
0.91700000000000159162 3.6748890000000060674
0.9180000000000015925 3.6787240000000061002
0.91900000000000159339 3.6825610000000059685
0.92000000000000159428 3.6864000000000061164
0.92100000000000159517 3.6902410000000060997
0.92200000000000159606 3.6940840000000063625
0.92300000000000159694 3.6979290000000060168
0.92400000000000159783 3.7017760000000063947
0.92500000000000159872 3.705625000000006164
0.92600000000000159961 3.7094760000000062128
0.9270000000000016005 3.7133290000000060971
0.92800000000000160139 3.7171840000000062609
0.92900000000000160227 3.7210410000000058162
0.93000000000000160316 3.724900000000006095
0.93100000000000160405 3.7287610000000062094
0.93200000000000160494 3.7326240000000061592
0.93300000000000160583 3.7364890000000059445
0.93400000000000160671 3.7403560000000064534
0.9350000000000016076 3.7442250000000063537
0.93600000000000160849 3.7480960000000065335
0.93700000000000160938 3.7519690000000061048
0.93800000000000161027 3.7558440000000063996
0.93900000000000161116 3.7597210000000060859
0.94000000000000161204 3.7636000000000064958
0.94100000000000161293 3.7674810000000062971
0.94200000000000161382 3.7713640000000063779
0.94300000000000161471 3.7752490000000062942
0.9440000000000016156 3.77913600000000649
0.94500000000000161648 3.7830250000000065214
0.94600000000000161737 3.7869160000000063881
0.94700000000000161826 3.7908090000000065345
0.94800000000000161915 3.7947040000000065163
0.94900000000000162004 3.7986010000000063336
0.95000000000000162093 3.8025000000000064304
0.95100000000000162181 3.8064010000000063627
0.9520000000000016227 3.8103040000000065746
0.95300000000000162359 3.8142090000000061778
0.95400000000000162448 3.8181160000000065047
0.95500000000000162537 3.8220250000000062229
0.95600000000000162625 3.8259360000000066648
0.95700000000000162714 3.8298490000000064981
0.95800000000000162803 3.8337640000000066109
0.95900000000000162892 3.8376810000000061152
0.96000000000000162981 3.8416000000000067871
0.9610000000000016307 3.8455210000000064063
0.96200000000000163158 3.8494440000000067492
0.96300000000000163247 3.8533690000000064835
0.96400000000000163336 3.8572960000000064973
0.96500000000000163425 3.8612250000000063466
0.96600000000000163514 3.8651560000000069195
0.96700000000000163602 3.8690890000000064397
0.96800000000000163691 3.8730240000000066836
0.9690000000000016378 3.8769610000000063188
0.97000000000000163869 3.8809000000000066777
0.97100000000000163958 3.8848410000000064279
0.97200000000000164047 3.8887840000000064578
0.97300000000000164135 3.892729000000006323
0.97400000000000164224 3.8966760000000064679
0.97500000000000164313 3.9006250000000064482
0.97600000000000164402 3.904576000000006708
0.97700000000000164491 3.9085290000000063593
0.97800000000000164579 3.9124840000000067342
0.97900000000000164668 3.9164410000000065004
0.98000000000000164757 3.9204000000000069903
0.98100000000000164846 3.9243610000000064275
0.98200000000000164935 3.9283240000000070324
0.98300000000000165024 3.9322890000000065847
0.98400000000000165112 3.9362560000000068605
0.98500000000000165201 3.9402250000000065278
0.9860000000000016529 3.9441960000000069186
0.98700000000000165379 3.9481690000000067009
0.98800000000000165468 3.9521440000000067627
0.98900000000000165556 3.95612100000000666
0.99000000000000165645 3.9601000000000068368
0.99100000000000165734 3.9640810000000064051
0.99200000000000165823 3.9680640000000066969
0.99300000000000165912 3.9720490000000063802
0.99400000000000166001 3.976036000000006787
0.99500000000000166089 3.9800250000000065853
0.99600000000000166178 3.9840160000000066631
0.99700000000000166267 3.9880090000000065764
0.99800000000000166356 3.9920040000000067693
0.99900000000000166445 3.9960010000000067976
