#  X   Y
0   0
0.01   0.00999983
0.02   0.0199987
0.03   0.0299955
0.04   0.0399893
0.05   0.0499792
0.06   0.059964
0.07   0.0699428
0.08   0.0799147
0.09   0.0898785
0.1   0.0998334
0.11   0.109778
0.12   0.119712
0.13   0.129634
0.14   0.139543
0.15   0.149438
0.16   0.159318
0.17   0.169182
0.18   0.17903
0.19   0.188859
0.2   0.198669
0.21   0.20846
0.22   0.21823
0.23   0.227978
0.24   0.237703
0.25   0.247404
0.26   0.257081
0.27   0.266731
0.28   0.276356
0.29   0.285952
0.3   0.29552
0.31   0.305059
0.32   0.314567
0.33   0.324043
0.34   0.333487
0.35   0.342898
0.36   0.352274
0.37   0.361615
0.38   0.37092
0.39   0.380188
0.4   0.389418
0.41   0.398609
0.42   0.40776
0.43   0.416871
0.44   0.425939
0.45   0.434966
0.46   0.443948
0.47   0.452886
0.48   0.461779
0.49   0.470626
0.5   0.479426
0.51   0.488177
0.52   0.49688
0.53   0.505533
0.54   0.514136
0.55   0.522687
0.56   0.531186
0.57   0.539632
0.58   0.548024
0.59   0.556361
0.6   0.564642
0.61   0.572867
0.62   0.581035
0.63   0.589145
0.64   0.597195
0.65   0.605186
0.66   0.613117
0.67   0.620986
0.68   0.628793
0.69   0.636537
0.7   0.644218
0.71   0.651834
0.72   0.659385
0.73   0.66687
0.74   0.674288
0.75   0.681639
0.76   0.688921
0.77   0.696135
0.78   0.703279
0.79   0.710353
0.8   0.717356
0.81   0.724287
0.82   0.731146
0.83   0.737931
0.84   0.744643
0.85   0.75128
0.86   0.757843
0.87   0.764329
0.88   0.770739
0.89   0.777072
0.9   0.783327
0.91   0.789504
0.92   0.795602
0.93   0.80162
0.94   0.807558
0.95   0.813416
0.96   0.819192
0.97   0.824886
0.98   0.830497
0.99   0.836026
1   0.841471
1.01   0.846832
1.02   0.852108
1.03   0.857299
1.04   0.862404
1.05   0.867423
1.06   0.872355
1.07   0.877201
1.08   0.881958
1.09   0.886627
1.1   0.891207
1.11   0.895699
1.12   0.9001
1.13   0.904412
1.14   0.908633
1.15   0.912764
1.16   0.916803
1.17   0.920751
1.18   0.924606
1.19   0.928369
1.2   0.932039
1.21   0.935616
1.22   0.939099
1.23   0.942489
1.24   0.945784
1.25   0.948985
1.26   0.95209
1.27   0.955101
1.28   0.958016
1.29   0.960835
1.3   0.963558
1.31   0.966185
1.32   0.968715
1.33   0.971148
1.34   0.973485
1.35   0.975723
1.36   0.977865
1.37   0.979908
1.38   0.981854
1.39   0.983701
1.4   0.98545
1.41   0.9871
1.42   0.988652
1.43   0.990105
1.44   0.991458
1.45   0.992713
1.46   0.993868
1.47   0.994924
1.48   0.995881
1.49   0.996738
1.5   0.997495
1.51   0.998152
1.52   0.99871
1.53   0.999168
1.54   0.999526
1.55   0.999784
1.56   0.999942
1.57   1
1.58   0.999958
1.59   0.999816
1.6   0.999574
1.61   0.999232
1.62   0.99879
1.63   0.998248
1.64   0.997606
1.65   0.996865
1.66   0.996024
1.67   0.995083
1.68   0.994043
1.69   0.992904
1.7   0.991665
1.71   0.990327
1.72   0.98889
1.73   0.987354
1.74   0.985719
1.75   0.983986
1.76   0.982154
1.77   0.980224
1.78   0.978197
1.79   0.976071
1.8   0.973848
1.81   0.971527
1.82   0.969109
1.83   0.966594
1.84   0.963983
1.85   0.961275
1.86   0.958471
1.87   0.955572
1.88   0.952576
1.89   0.949486
1.9   0.9463
1.91   0.94302
1.92   0.939645
1.93   0.936177
1.94   0.932615
1.95   0.92896
1.96   0.925212
1.97   0.921371
1.98   0.917438
1.99   0.913413
2   0.909297
2.01   0.905091
2.02   0.900793
2.03   0.896406
2.04   0.891929
2.05   0.887362
2.06   0.882707
2.07   0.877964
2.08   0.873133
2.09   0.868215
2.1   0.863209
2.11   0.858118
2.12   0.85294
2.13   0.847678
2.14   0.84233
2.15   0.836899
2.16   0.831383
2.17   0.825785
2.18   0.820104
2.19   0.814341
2.2   0.808496
2.21   0.802571
2.22   0.796565
2.23   0.79048
2.24   0.784316
2.25   0.778073
2.26   0.771753
2.27   0.765355
2.28   0.758881
2.29   0.752331
2.3   0.745705
2.31   0.739005
2.32   0.732231
2.33   0.725384
2.34   0.718465
2.35   0.711473
2.36   0.704411
2.37   0.697278
2.38   0.690075
2.39   0.682803
2.4   0.675463
2.41   0.668056
2.42   0.660581
2.43   0.653041
2.44   0.645435
2.45   0.637765
2.46   0.630031
2.47   0.622234
2.48   0.614374
2.49   0.606454
2.5   0.598472
2.51   0.590431
2.52   0.582331
2.53   0.574172
2.54   0.565956
2.55   0.557684
2.56   0.549355
2.57   0.540972
2.58   0.532535
2.59   0.524044
2.6   0.515501
2.61   0.506907
2.62   0.498262
2.63   0.489567
2.64   0.480823
2.65   0.472031
2.66   0.463191
2.67   0.454306
2.68   0.445375
2.69   0.436399
2.7   0.42738
2.71   0.418318
2.72   0.409214
2.73   0.400069
2.74   0.390885
2.75   0.381661
2.76   0.372399
2.77   0.3631
2.78   0.353764
2.79   0.344393
2.8   0.334988
2.81   0.325549
2.82   0.316078
2.83   0.306575
2.84   0.297041
2.85   0.287478
2.86   0.277886
2.87   0.268266
2.88   0.258619
2.89   0.248947
2.9   0.239249
2.91   0.229528
2.92   0.219784
2.93   0.210017
2.94   0.20023
2.95   0.190423
2.96   0.180596
2.97   0.170752
2.98   0.16089
2.99   0.151013
3   0.14112
3.01   0.131213
3.02   0.121293
3.03   0.111361
3.04   0.101418
3.05   0.0914646
3.06   0.0815022
3.07   0.0715315
3.08   0.0615537
3.09   0.0515698
3.1   0.0415807
3.11   0.0315874
3.12   0.021591
3.13   0.0115924
3.14   0.00159265
